"","ANALWT2_C","VESTR_C","VEREP","IRSEX","CATAGE","NEWRACE2","EDUHIGHCAT","IRWRKSTAT18","IRHHSIZ2","IRPRVHLT","INCOME","IRALCFY","IRMJFY","IRCOCFY","IRCIGFM","IRNICVAP30N","IRHALLUCYFQ","IRALCBNG30D","SUTINPPY","IRDSTNRV12","IRDSTEFF12","IRIMPCONCN","IRSUICTHNK","IRAMDEYR","MHTINPPY"
"1",36.3791851816981,40046,2,1,2,6,4,1,1,1,2,208,260,993,2,30,993,6,0,99,99,2,0,0,0
"2",19.5252053127962,40048,2,2,2,6,3,1,2,1,4,7,364,991,91,93,993,93,0,3,2,3,0,0,0
"3",70.2644872619719,40028,1,2,2,6,4,4,3,1,3,991,991,991,91,91,991,91,0,2,3,3,1,0,0
"4",495.290725627053,40009,1,1,2,6,2,1,3,1,3,993,991,991,91,91,991,93,0,99,99,3,0,0,0
"5",555.326088412926,40001,2,2,2,6,4,1,1,1,3,60,991,991,91,91,991,0,0,99,99,1,0,0,0
"6",81.7434474531381,40026,1,2,2,6,1,1,2,2,1,156,8,991,1,4,991,15,0,1,1,2,1,1,0
"7",3195.41988147226,40041,2,1,2,6,3,4,2,2,1,10,8,991,1,91,991,0,0,99,99,2,0,0,0
"8",1776.95169044461,40029,2,2,2,6,2,1,1,1,2,260,360,1,93,17,993,0,0,3,2,3,0,1,0
"9",816.594904852947,40026,1,2,2,6,2,1,5,2,1,991,991,991,91,91,991,91,0,99,99,99,0,0,0
"10",117.719699185087,40016,2,2,2,6,2,4,1,2,1,260,60,2,28,10,993,20,0,99,99,3,0,0,0
"11",394.138860587681,40032,2,1,2,6,2,1,4,1,2,20,120,991,30,93,991,1,0,3,2,3,0,0,0
"12",1119.51736651845,40036,2,2,2,6,3,2,5,1,2,48,120,991,1,30,991,4,0,3,3,3,0,0,0
"13",287.141932843364,40003,1,1,2,6,2,4,4,1,1,2,991,991,91,91,991,93,0,99,99,99,0,0,0
"14",3796.45558958983,40004,1,2,2,6,3,2,4,2,2,156,365,991,91,91,24,3,0,1,1,3,1,1,0
"15",379.140079302962,40034,2,2,2,6,2,1,4,2,2,104,36,993,2,20,991,8,0,3,1,4,1,0,0
"16",2576.17677162671,40019,1,1,2,6,3,1,2,1,2,7,360,991,91,30,991,93,0,99,99,1,0,0,0
"17",472.281237429417,40019,1,1,2,6,3,1,1,1,1,86,991,991,93,91,991,3,0,99,99,1,0,0,0
"18",2300.49888901329,40014,1,1,2,6,2,4,5,2,4,991,991,991,91,91,991,91,0,3,2,3,0,1,0
"19",175.101218973024,40037,2,2,2,6,4,1,3,1,4,36,3,993,93,93,993,3,0,2,3,3,0,0,0
"20",468.795184837622,40008,2,2,2,6,1,3,3,1,4,5,991,991,91,93,991,0,0,2,2,4,0,1,0
"21",90.4434706588487,40038,1,1,2,6,3,3,4,2,1,24,360,991,93,93,993,0,0,1,1,4,1,1,1
"22",1888.66374444205,40015,1,1,2,6,4,3,3,1,1,156,10,991,93,93,991,1,0,99,99,1,0,0,0
"23",1586.42017851426,40021,1,2,2,6,1,4,6,2,2,156,364,4,30,91,1,10,0,99,99,99,0,0,0
"24",368.893313919557,40039,1,2,2,6,1,1,2,1,2,12,3,991,91,93,991,93,0,1,2,2,1,1,0
"25",1582.66322072293,40021,1,1,2,6,3,2,3,1,4,991,991,991,91,91,991,91,0,3,3,3,0,0,0
"26",148.353274850211,40032,1,2,2,6,4,2,1,1,1,312,991,991,93,93,991,2,0,99,99,1,0,0,0
"27",3069.97568190391,40020,1,2,2,6,4,1,2,1,4,3,991,991,91,91,991,93,0,2,2,4,0,0,0
"28",3533.98011839191,40020,1,1,2,6,3,1,5,1,4,991,991,991,91,91,991,91,0,2,2,3,0,1,0
"29",821.82337241251,40013,1,1,2,6,3,4,2,2,2,991,991,991,91,91,991,91,0,1,3,4,0,1,0
"30",5140.70056159465,40019,2,1,2,6,1,1,3,2,1,991,208,991,91,91,991,91,0,99,99,1,0,0,0
"31",805.396731070793,40015,1,2,2,6,2,4,5,2,2,991,365,991,91,91,991,91,0,99,99,2,1,0,0
"32",201.985340270489,40030,2,1,2,6,2,4,2,2,3,3,1,991,91,91,991,0,0,3,2,4,0,0,0
"33",479.514617088805,40045,1,2,2,6,1,4,6,2,2,35,100,991,91,93,991,93,0,3,5,1,0,0,0
"34",218.010863989601,40019,1,1,2,6,3,1,2,1,4,260,10,993,2,93,991,10,0,99,99,99,0,0,0
"35",2908.78089393884,40013,2,1,2,6,2,1,2,2,4,104,156,993,93,5,12,5,0,99,99,3,1,1,0
"36",2405.7123211326,40030,1,1,2,6,2,4,6,2,3,36,336,991,10,10,991,0,0,99,99,1,0,0,0
"37",71.3618104805887,40023,1,1,2,6,2,4,3,1,3,20,2,991,93,93,993,1,0,99,99,2,0,1,0
"38",5213.80448567459,40040,2,2,2,6,3,4,6,2,1,36,312,2,93,93,1,0,0,99,99,1,0,0,0
"39",2610.3031360764,40038,1,2,2,6,2,4,4,1,4,10,312,991,91,91,991,93,0,99,99,1,0,0,0
"40",283.139066756929,40010,1,1,2,6,2,4,3,2,3,991,991,991,91,91,991,91,0,99,99,99,0,0,0
"41",30.0865777711926,40018,1,2,2,6,2,2,2,2,2,208,24,6,1,20,993,8,0,2,3,2,0,0,0
"42",361.673486809315,40009,1,2,2,6,2,4,4,2,2,993,993,991,93,93,991,93,0,99,99,1,0,0,0
"43",1948.86391702189,40010,2,1,2,6,3,1,2,2,1,10,991,991,93,91,991,93,0,1,1,4,1,1,0
"44",239.312378000332,40023,1,2,2,6,3,2,4,2,3,991,991,991,91,91,991,91,0,3,3,3,0,1,0
"45",715.173622890334,40012,2,1,2,6,3,3,6,2,3,991,991,991,91,91,991,91,0,2,2,2,0,0,0
"46",1006.72852183485,40012,2,1,2,6,3,3,5,2,4,993,991,991,91,91,991,93,0,2,1,4,0,1,0
"47",199.802433755759,40029,1,2,2,6,4,1,3,1,4,156,991,991,93,93,991,2,0,99,99,1,0,0,0
"48",1816.72510730445,40025,2,1,2,6,3,4,3,1,4,7,991,991,91,93,991,0,0,99,99,99,0,0,0
"49",1079.08869500734,40009,1,2,2,6,3,2,6,2,2,24,991,991,93,93,991,0,0,2,1,4,0,0,0
"50",95.5590512799401,40044,1,1,2,6,3,1,3,1,2,96,364,991,91,91,991,2,0,99,99,1,0,0,0
"51",898.925800692433,40041,1,1,2,6,3,2,2,1,4,2,6,991,93,91,991,93,0,99,99,4,1,1,1
"52",2761.13883038337,40002,1,1,2,6,2,4,2,2,2,24,208,991,5,10,991,0,0,3,1,2,0,1,0
"53",785.849319277116,40011,1,1,2,6,3,2,3,1,2,3,991,991,91,91,991,93,0,3,1,3,0,0,0
"54",2986.27809086047,40002,2,1,2,6,2,3,6,2,1,216,208,991,93,30,991,0,0,99,99,3,0,0,0
"55",535.15059410461,40035,1,1,2,6,3,1,2,2,1,3,312,991,91,91,991,93,0,99,99,1,0,0,0
"56",1300.92799477945,40025,2,1,2,6,2,4,3,1,4,1,991,991,91,93,991,93,0,99,99,2,0,1,0
"57",254.231574819603,40049,1,2,2,6,4,3,3,1,2,3,993,991,91,91,991,93,0,99,99,1,0,0,0
"58",12.6088177405029,40040,1,1,2,6,3,4,2,2,2,36,364,991,93,93,991,5,0,99,99,1,0,0,0
"59",4932.29285502883,40001,1,1,2,6,2,1,3,2,3,180,240,991,93,5,2,3,0,99,99,99,0,0,0
"60",8858.40013745906,40033,1,1,2,6,1,4,2,2,1,993,993,991,93,91,991,93,0,2,3,2,0,1,0
"61",269.350425600194,40009,2,1,2,6,3,1,2,1,2,12,365,991,93,30,993,93,0,3,3,3,0,0,1
"62",1365.0797369543,40045,2,2,2,6,3,2,2,1,2,156,156,991,93,93,991,93,0,3,5,1,0,0,0
"63",577.484255045336,40003,2,2,2,6,4,1,2,1,2,60,991,991,91,91,991,0,0,1,1,4,1,0,0
"64",522.576025326008,40045,1,2,2,6,4,2,5,2,4,96,993,991,93,10,991,6,0,1,1,4,0,1,0
"65",3048.90844939193,40023,1,1,2,6,1,1,5,1,4,84,208,991,91,10,991,3,0,99,99,1,0,0,0
"66",421.893845636081,40003,2,1,2,6,3,2,2,1,3,991,991,991,91,91,991,91,0,4,3,2,0,0,0
"67",88.3932044299048,40003,2,1,2,6,3,1,4,2,1,104,364,991,93,30,4,2,0,99,99,1,0,0,0
"68",670.597520771967,40039,2,2,2,6,3,1,5,1,2,14,993,993,93,93,993,93,0,3,3,2,0,1,0
"69",361.382250161654,40013,1,2,2,6,3,2,4,1,3,104,52,991,2,30,991,4,0,2,1,4,0,1,0
"70",2212.3077962721,40011,2,1,2,6,1,4,4,1,4,991,991,991,91,91,991,91,0,4,3,3,0,0,0
"71",756.770294989866,40022,1,2,2,6,3,2,1,1,2,84,993,991,93,10,993,0,0,3,3,1,0,0,0
"72",153.229980778572,40047,1,2,2,6,4,2,1,1,1,84,7,991,93,93,991,0,0,3,4,2,0,0,0
"73",1136.12740948167,40012,2,2,2,6,2,4,2,2,1,24,260,991,93,1,991,5,0,3,3,3,0,0,0
"74",242.790579668222,40041,1,2,2,6,3,1,3,1,4,3,993,991,91,93,991,93,0,4,5,3,0,0,0
"75",420.548457144301,40032,2,2,2,6,1,2,3,2,1,1,312,991,93,93,3,93,0,1,1,2,0,1,0
"76",2558.02118102407,40044,1,2,2,6,2,3,5,2,3,991,991,991,91,93,991,91,0,99,99,99,0,0,0
"77",1485.6872699931,40009,2,2,2,6,3,4,6,2,2,4,993,991,91,91,991,0,0,1,1,3,0,0,0
"78",2759.64811292761,40025,2,2,2,6,3,2,1,2,1,5,3,991,91,91,991,93,0,1,1,4,0,1,0
"79",196.85568899064,40036,1,2,2,6,3,2,4,1,4,24,10,991,91,91,991,1,0,4,5,1,0,0,0
"80",2970.68083688183,40045,1,1,2,6,3,1,2,2,4,36,364,993,93,30,20,0,0,2,1,4,0,0,0
"81",10728.1589921635,40012,1,2,2,6,1,2,4,1,3,991,991,991,91,93,991,91,0,3,3,2,0,1,0
"82",2943.87907280045,40001,2,2,2,6,3,4,3,2,2,84,20,991,91,93,991,3,0,3,1,3,1,1,0
"83",411.53345368125,40010,2,2,2,6,3,4,4,1,4,24,5,991,93,93,991,0,0,99,99,3,0,1,0
"84",98.1462626074664,40014,1,1,2,6,2,4,6,2,3,993,991,991,91,91,991,93,0,99,99,4,0,0,0
"85",505.307420119707,40043,1,2,2,6,2,2,4,1,3,2,991,991,93,93,991,93,0,2,3,4,0,1,0
"86",925.92990343244,40012,1,1,2,6,2,1,5,1,4,123,364,991,5,30,991,4,0,99,99,99,0,0,0
"87",2095.13018364664,40002,2,1,2,6,2,3,2,2,2,991,991,991,91,93,991,91,0,99,99,1,0,0,0
"88",9684.35217361491,40001,2,2,2,6,2,3,2,2,1,993,312,993,30,30,993,93,0,3,1,4,0,1,0
"89",7626.35337493592,40038,1,1,2,6,2,1,5,2,3,12,336,991,4,14,993,0,0,2,1,4,0,1,1
"90",366.963847345321,40028,2,1,2,6,4,4,3,1,4,993,991,991,91,91,991,93,0,99,99,3,1,1,1
"91",1222.10886431465,40050,1,2,2,6,2,2,6,1,4,8,52,991,91,30,991,93,0,2,5,3,1,1,0
"92",294.638591899347,40025,2,1,2,6,2,4,5,2,3,991,991,991,91,91,991,91,0,99,99,1,0,0,0
"93",454.805283597023,40033,2,1,2,6,2,4,3,2,3,991,991,991,91,91,991,91,0,4,5,2,0,0,0
"94",1193.07693570752,40012,2,2,2,6,2,4,2,2,4,52,240,993,93,25,993,2,0,99,99,2,0,0,0
"95",474.666882159323,40043,2,2,2,6,3,2,3,1,4,1,991,991,91,91,991,93,0,99,99,2,0,0,0
"96",360.539200200976,40014,2,2,2,6,2,2,3,2,2,4,991,991,91,91,991,93,0,99,99,99,0,0,0
"97",2366.50075456252,40049,1,2,2,6,4,2,3,2,1,993,991,991,91,91,991,93,0,99,99,1,0,0,0
"98",61.1562879250945,40042,1,2,2,6,2,2,4,2,1,2,312,991,30,3,993,93,0,1,1,1,1,0,0
"99",2092.40762229852,40009,2,2,2,6,2,1,6,2,4,991,991,991,91,91,991,91,0,99,99,99,0,0,0
"100",5022.13952780164,40021,2,1,2,6,2,1,3,1,4,991,991,991,91,91,991,91,0,99,99,99,0,0,0
"101",2216.10235835257,40019,2,2,2,6,3,4,3,2,2,4,991,991,93,91,991,0,0,99,99,3,0,1,0
"102",1524.46122150213,40009,1,1,2,6,2,1,2,1,3,993,991,991,91,91,991,93,0,1,1,3,0,1,0
"103",1544.16141225589,40031,2,1,2,6,3,2,4,1,4,1,991,991,91,91,991,93,0,99,99,1,0,0,0
"104",1280.52951422124,40036,2,2,2,6,3,2,4,2,1,156,364,14,93,30,4,12,0,99,99,3,0,0,0
"105",1625.8037998994,40003,1,2,2,6,3,2,2,1,4,208,363,991,91,93,1,18,0,99,99,2,0,0,0
"106",4174.46171944563,40005,1,1,2,6,1,3,4,2,2,10,312,991,93,93,1,0,0,4,4,2,0,0,0
"107",47.0504615577824,40040,1,1,2,6,2,2,3,1,3,9,991,991,91,91,991,0,0,1,2,1,1,1,0
"108",306.448908303076,40009,1,2,2,6,1,1,4,2,2,36,993,991,91,93,993,93,0,2,2,2,0,1,0
"109",33.9455301954463,40011,1,2,2,6,3,4,3,2,2,10,991,991,91,91,991,93,0,3,1,2,0,0,0
"110",1545.94759831975,40047,2,2,2,6,2,2,6,2,3,993,991,991,91,91,991,93,0,99,99,99,0,0,0
"111",193.861926493403,40039,2,1,2,6,3,1,4,2,3,104,157,991,2,93,993,0,0,2,2,2,1,0,0
"112",564.80938262522,40012,1,2,2,6,2,2,4,2,1,2,104,991,91,30,991,93,0,99,99,3,0,0,0
"113",733.085195205996,40038,1,2,2,6,3,2,3,2,1,60,364,991,93,3,993,0,0,3,2,4,0,0,0
"114",1207.08306253476,40045,2,1,2,6,2,1,2,2,2,991,991,991,91,93,991,91,0,99,99,1,0,0,0
"115",2521.4560720738,40024,1,1,2,6,3,1,3,1,4,15,260,991,93,93,993,0,0,99,99,1,0,0,0
"116",244.671188219258,40014,1,2,2,6,3,4,6,2,2,3,991,991,91,91,991,2,0,99,99,1,0,0,0
"117",1772.9076681643,40048,1,1,2,6,3,1,3,1,4,3,991,991,91,93,991,0,0,99,99,1,0,0,0
"118",2.86427180818516,40018,2,1,2,6,3,4,1,1,1,993,991,991,91,91,991,93,0,1,2,3,1,1,0
"119",59.5321001945015,40035,2,2,2,6,4,1,3,2,3,5,991,991,91,91,991,93,0,99,99,1,0,0,0
"120",2163.26648060301,40009,1,2,2,6,3,2,3,1,1,60,991,991,91,91,991,1,0,99,99,2,0,0,0
"121",1470.59740592616,40042,1,2,2,6,1,2,3,1,3,72,364,991,93,93,991,0,0,3,1,4,1,1,0
"122",185.842912175532,40028,1,1,2,6,3,2,3,2,2,1,1,991,91,91,991,93,0,1,1,4,1,1,0
"123",139.227589449008,40030,1,2,2,6,2,4,4,2,4,15,3,991,91,93,991,2,0,2,4,3,0,1,0
"124",90.8820375010714,40041,1,2,2,6,2,1,4,1,4,24,24,991,91,4,991,1,0,99,99,2,0,0,0
"125",34.9046325409887,40047,1,1,2,6,3,2,5,1,4,104,104,991,91,91,991,0,0,99,99,2,0,0,0
"126",927.282375937707,40024,1,2,2,6,2,1,2,1,2,991,991,991,93,93,991,91,0,99,99,2,0,1,0
"127",2010.68221807114,40022,2,2,2,6,2,2,5,2,2,5,991,991,2,30,993,0,0,99,99,99,0,0,0
"128",656.862320215327,40003,1,2,2,6,3,2,3,1,3,36,991,991,91,91,991,4,0,99,99,1,0,0,0
"129",470.260932784456,40045,1,2,2,6,2,1,3,1,3,991,991,991,91,93,991,91,0,2,1,2,1,1,0
"130",1164.20919851704,40042,1,1,2,6,3,1,2,2,4,991,991,991,91,91,991,91,0,99,99,1,0,0,0
"131",1228.02369674976,40026,2,1,2,6,2,1,1,1,1,991,991,991,91,91,991,91,0,99,99,2,0,0,0
"132",163.403270930052,40029,1,1,2,6,1,4,3,1,1,260,60,991,20,30,20,20,0,99,99,2,1,0,0
"133",1799.77452628611,40003,2,1,2,6,4,2,5,1,1,48,1,991,91,93,991,2,0,99,99,2,0,0,0
"134",1356.06443511645,40017,1,1,2,6,3,4,2,1,2,156,24,991,91,91,991,8,0,99,99,99,0,0,0
"135",4293.75128296322,40029,1,1,2,6,1,4,2,2,1,75,364,991,93,15,1,0,0,2,1,3,0,0,0
"136",2337.33870275626,40012,1,1,2,6,3,1,2,1,4,260,991,991,91,91,991,1,0,99,99,1,0,0,0
"137",902.672342232909,40020,1,2,2,6,2,2,3,2,4,2,991,991,93,93,991,93,0,4,5,2,0,0,0
"138",149.635784316829,40037,1,1,2,6,1,4,3,1,2,20,260,991,93,1,12,1,0,99,99,1,0,0,0
"139",275.367463424643,40049,1,1,2,6,1,1,3,1,4,260,364,991,10,20,2,10,0,1,1,1,1,1,0
"140",3129.88885047381,40022,1,2,2,6,2,3,2,2,2,228,120,991,91,91,991,4,0,99,99,1,0,0,0
"141",544.116317693033,40049,1,1,2,6,2,3,6,2,4,12,156,991,1,30,991,93,0,99,99,4,0,0,0
"142",442.29177165964,40040,1,1,2,6,2,3,4,2,2,36,312,991,91,93,2,0,0,1,1,4,0,1,0
"143",1594.67044649989,40015,1,1,2,6,3,2,4,1,4,48,991,991,91,91,991,1,0,1,1,1,1,0,0
"144",239.394303458173,40022,2,2,2,6,4,2,3,1,2,10,991,991,91,91,991,93,0,1,1,3,1,1,0
"145",4129.19481042866,40004,1,1,2,6,2,1,3,1,4,991,991,991,91,91,991,91,0,1,1,4,1,1,0
"146",540.077979614862,40005,1,2,2,6,2,4,4,2,4,7,330,991,91,93,991,93,0,1,1,1,0,0,0
"147",1098.32595799714,40015,1,2,2,6,2,4,4,1,4,10,993,991,91,93,991,0,0,1,1,3,1,1,0
"148",838.868706229174,40049,2,2,2,6,1,2,1,2,1,108,144,12,5,30,36,0,0,99,99,4,1,0,0
"149",1081.6246378281,40003,2,1,2,6,2,3,4,2,4,991,991,991,91,91,991,91,0,99,99,2,0,0,1
"150",332.53719178191,40045,2,1,2,6,2,2,4,1,4,60,168,991,91,25,991,0,0,1,1,3,1,1,1
"151",1710.46461820649,40014,2,1,2,6,3,2,2,2,3,991,991,991,91,91,991,91,0,99,99,1,0,0,0
"152",987.424721385247,40035,2,1,2,6,2,1,3,2,1,991,993,991,91,93,993,91,0,2,2,3,0,0,0
"153",881.590585661238,40017,1,1,2,6,3,2,2,1,2,104,991,991,91,91,991,2,0,4,4,2,0,0,0
"154",1461.20518496926,40023,1,2,2,6,3,2,3,1,3,60,1,991,91,1,991,1,0,2,1,3,1,1,0
"155",23.5750459391238,40034,1,2,2,6,2,4,2,1,4,52,991,991,91,91,991,2,0,2,2,1,0,0,0
"156",1182.90797249503,40021,1,2,2,6,3,2,2,2,4,3,991,991,91,91,991,93,0,99,99,2,0,0,0
"157",10895.518967929,40041,1,2,2,6,1,4,4,1,4,991,991,991,91,91,991,91,0,1,1,4,1,1,0
"158",76.8104061715665,40008,1,1,2,6,2,4,3,2,4,48,991,991,93,93,991,2,0,99,99,99,0,0,0
"159",66.9605155328987,40002,1,2,2,6,2,4,2,1,3,20,991,991,91,30,991,93,0,99,99,99,0,0,0
"160",834.807533162787,40042,2,2,2,6,2,1,3,1,4,993,10,991,10,93,991,93,0,99,99,99,0,0,0
"161",1873.32357877569,40043,2,2,2,6,2,1,5,1,3,3,991,991,91,91,991,93,0,2,2,3,0,0,0
"162",3016.52890345045,40003,2,2,2,6,1,3,4,1,4,991,991,991,91,91,991,91,0,99,99,1,0,0,0
"163",3783.44030172372,40016,1,1,2,6,2,1,2,1,2,993,991,991,91,91,991,93,0,3,3,4,0,1,0
"164",225.123440612786,40022,2,2,2,6,4,2,3,1,4,25,121,993,93,93,993,0,0,99,99,2,0,0,0
"165",39.9896005550323,40042,1,2,2,6,4,2,3,2,2,36,15,991,93,30,991,0,0,99,99,3,1,1,0
"166",2288.08797341072,40012,2,2,2,6,4,2,2,1,4,52,120,991,93,91,991,0,0,3,4,3,0,0,0
"167",158.282728554623,40027,1,2,2,6,4,2,2,1,4,24,993,991,91,93,991,93,0,99,99,2,0,0,0
"168",1248.29396163436,40013,2,1,2,6,3,1,4,1,4,96,6,993,93,30,991,2,0,99,99,3,0,0,0
"169",350.936717869302,40009,2,1,2,6,2,1,2,2,2,6,312,991,93,2,993,0,0,1,1,3,1,1,0
"170",370.257912283729,40036,2,1,2,6,2,1,5,2,2,36,991,991,30,91,991,93,0,99,99,99,0,0,0
"171",1543.43720972793,40006,2,2,2,6,3,1,1,1,1,156,993,991,91,93,991,7,0,1,2,4,1,1,0
"172",710.844647809207,40029,1,1,2,6,1,2,4,1,2,993,991,991,91,91,991,93,0,2,2,3,0,0,0
"173",94.52847565699,40018,1,2,2,6,2,2,2,2,2,60,993,991,93,93,993,3,0,99,99,2,0,0,0
"174",1075.69946824369,40025,1,1,2,6,3,1,2,1,4,12,991,991,91,91,991,93,0,99,99,1,0,0,0
"175",551.070275276688,40001,2,2,2,6,4,1,1,1,2,12,16,991,91,93,991,1,0,99,99,1,1,0,0
"176",950.021657646071,40015,1,2,2,6,2,2,6,2,2,993,993,991,93,93,991,93,0,1,2,4,0,1,0
"177",439.247620746536,40022,2,2,2,6,4,1,2,2,4,60,993,993,91,2,991,7,0,2,2,3,0,0,0
"178",1746.15313945169,40015,1,2,2,6,2,4,5,2,1,993,993,991,91,91,991,93,0,99,99,1,0,0,0
"179",2115.7860361029,40019,2,1,2,6,4,1,1,1,2,993,993,991,91,91,991,93,0,99,99,1,0,0,0
"180",2508.61995299073,40041,2,1,2,6,3,2,4,1,3,10,156,991,91,93,991,0,0,99,99,2,0,0,0
"181",1629.93320049779,40003,1,2,2,6,2,2,6,2,4,991,991,991,91,91,991,91,0,4,5,3,1,0,0
"182",40.5298079206525,40027,1,1,2,6,1,4,2,2,1,991,991,991,91,91,991,91,0,99,99,2,0,0,0
"183",507.115664995934,40033,2,1,2,6,1,2,3,1,4,991,991,991,91,91,991,91,0,99,99,1,0,0,0
"184",460.81657217472,40014,1,2,2,6,2,3,4,2,3,12,1,991,91,91,991,93,0,4,2,2,0,1,0
"185",1135.3074145755,40024,2,1,2,6,2,1,3,1,4,991,260,991,91,93,60,91,0,99,99,1,0,0,0
"186",224.212605738481,40024,1,2,2,6,2,4,3,2,2,3,991,991,91,91,991,93,0,3,2,2,0,0,0
"187",1571.06235042249,40030,1,2,2,6,2,1,3,2,4,36,993,991,93,30,991,2,0,3,4,3,0,1,0
"188",161.137213589135,40023,1,2,2,6,3,1,4,2,4,52,991,991,91,91,991,93,0,99,99,4,0,0,0
"189",89.8334474643845,40050,1,2,2,6,2,4,2,2,3,36,312,991,91,91,991,0,0,1,1,4,1,1,0
"190",205.551725854895,40041,1,2,2,6,2,1,4,1,2,993,991,991,91,91,991,93,0,99,99,99,0,0,1
"191",50.0338268098039,40013,1,2,2,6,1,4,6,2,2,991,993,991,91,91,991,91,0,3,1,1,1,1,0
"192",107.267963063215,40042,2,1,2,6,3,2,3,2,3,991,991,991,91,91,991,91,0,3,1,3,0,0,0
"193",293.100837863944,40034,2,2,2,6,2,4,1,2,1,12,993,2,30,15,993,1,1,2,3,3,1,0,1
"194",196.545931322376,40046,2,2,2,6,2,2,3,1,1,104,1,991,93,91,991,1,0,99,99,1,0,0,0
"195",1202.34577532433,40041,1,2,2,6,3,4,5,1,1,991,991,991,91,91,991,91,0,3,5,2,0,0,0
"196",2336.05098879689,40001,2,1,2,6,3,4,4,2,2,5,364,991,93,91,991,93,0,99,99,2,0,0,0
"197",1893.28702466073,40023,1,1,2,6,2,2,4,2,4,993,120,991,91,91,991,93,0,99,99,2,0,0,0
"198",1124.93946586615,40015,2,2,2,6,2,2,5,2,4,1,991,991,91,91,991,93,0,99,99,99,0,0,0
"199",1471.05869481466,40040,2,1,2,6,2,1,2,1,3,48,991,991,91,93,991,1,0,2,2,2,1,0,0
"200",1535.64889052658,40018,1,1,2,6,2,1,2,1,1,993,991,991,93,5,991,93,0,99,99,1,0,0,0
"201",2202.26416459614,40040,1,2,2,6,2,1,4,2,1,10,208,991,91,93,991,93,0,2,3,2,0,0,0
"202",81.8270313098768,40050,2,2,2,6,3,1,4,2,1,96,48,991,93,93,260,8,0,4,4,1,0,0,0
"203",638.225654216265,40050,2,2,2,6,3,2,2,1,2,993,991,991,91,91,991,93,0,3,4,1,0,0,0
"204",3480.8439829163,40008,1,1,2,6,2,1,6,1,3,991,991,991,91,25,991,91,0,99,99,2,0,0,0
"205",132.368942760104,40031,1,2,2,6,3,1,1,2,2,104,993,991,93,30,991,10,0,99,99,3,0,0,0
"206",651.815248717636,40021,1,1,2,6,3,4,3,1,1,120,2,991,93,30,993,0,0,99,99,1,0,0,0
"207",596.337336695573,40017,2,2,2,6,4,2,1,1,3,36,993,991,91,93,991,3,0,2,5,2,0,0,0
"208",341.942590081376,40033,1,2,2,6,2,2,2,1,4,6,47,991,91,12,991,93,0,2,4,2,0,0,0
"209",1300.09954624943,40021,1,2,2,6,4,1,4,1,4,10,993,991,91,93,993,0,0,99,99,3,0,0,0
"210",933.58739704042,40049,1,2,2,6,3,2,3,1,3,993,991,991,91,91,991,93,0,99,99,99,0,0,0
"211",946.980197947137,40002,1,2,2,6,2,4,2,2,1,48,260,993,30,8,993,93,0,99,99,2,0,0,1
"212",2586.77955683923,40002,2,1,2,6,3,1,2,1,4,15,208,991,93,15,991,93,0,99,99,4,0,0,0
"213",1154.07316975601,40009,1,2,2,6,3,3,1,1,1,991,991,991,91,30,991,91,0,99,99,1,0,0,0
"214",634.459619249168,40014,1,2,2,6,2,3,3,1,3,24,312,14,93,93,3,0,0,99,99,3,0,0,0
"215",3937.44200579591,40014,2,2,2,6,1,2,4,2,4,991,991,991,91,93,991,91,0,99,99,99,0,0,0
"216",199.441135396271,40003,2,2,2,6,2,4,6,1,4,993,993,991,93,93,991,93,0,99,99,99,0,0,0
"217",3369.93066412031,40045,2,2,2,6,3,1,2,2,2,8,993,991,91,91,991,0,0,99,99,2,0,0,0
"218",111.317178145431,40022,1,1,2,6,3,2,4,2,4,993,993,991,91,91,991,93,0,99,99,99,0,0,0
"219",2367.13233265699,40045,1,1,2,6,3,1,2,2,3,11,12,991,93,28,991,0,0,2,3,2,1,1,0
"220",5418.52345940108,40026,1,2,2,6,1,2,3,2,2,2,2,991,91,93,991,93,0,99,99,1,0,0,0
"221",1462.25332547987,40012,1,2,2,6,3,2,4,2,1,36,991,991,91,91,991,93,0,1,1,1,0,0,0
"222",2826.49663842485,40002,1,1,2,6,1,4,4,2,2,109,168,991,28,93,991,2,0,3,5,1,0,0,0
"223",5525.76237038607,40026,1,2,2,6,2,2,5,2,1,991,991,991,91,29,991,91,0,99,99,99,0,0,0
"224",176.005804933151,40025,1,2,2,6,2,3,2,2,2,991,991,991,91,91,991,91,0,99,99,3,0,0,0
"225",316.88541651112,40033,1,1,2,6,2,2,4,2,1,156,48,991,93,91,991,3,0,5,5,2,0,0,0
"226",413.357960895999,40007,2,1,2,6,1,2,3,1,3,991,991,991,91,91,991,91,0,2,4,2,0,0,0
"227",5236.11287683648,40031,1,1,2,6,4,1,4,2,4,7,993,991,91,93,991,93,0,3,3,3,0,0,0
"228",427.027911696384,40045,2,2,2,6,3,2,4,1,1,991,991,991,91,91,991,91,0,3,1,3,0,1,0
"229",254.049880211108,40032,1,1,2,6,4,1,2,1,3,104,312,991,93,93,991,1,0,99,99,1,0,0,0
"230",64.6898899475473,40028,1,1,2,6,2,4,4,2,1,991,991,991,91,91,991,91,0,3,3,3,0,0,0
"231",1783.76730660171,40021,2,2,2,6,2,2,3,2,2,10,260,991,91,91,991,93,0,99,99,1,0,0,0
"232",1557.72402655682,40023,1,2,2,6,3,1,6,1,4,10,991,991,91,93,991,93,0,99,99,1,0,0,0
"233",535.939529032593,40010,1,1,2,6,3,1,6,1,3,52,156,991,91,91,993,0,0,99,99,1,0,0,0
"234",30.4461592860698,40023,1,1,2,6,1,4,5,2,2,5,364,991,91,30,991,93,0,99,99,1,0,0,0
"235",5756.97097556118,40012,2,2,2,6,1,2,5,2,4,1,991,991,91,93,991,93,0,3,2,2,1,1,0
"236",1851.98298367852,40030,1,1,2,6,2,1,1,1,1,10,104,991,93,1,993,0,0,99,99,1,0,0,0
"237",3071.25521628803,40034,2,2,2,6,3,2,3,1,2,13,991,991,91,91,991,93,0,99,99,1,0,0,0
"238",5275.63664882542,40030,2,1,2,6,3,4,4,1,4,120,364,2,93,6,3,3,0,99,99,1,0,0,0
"239",228.766373836487,40001,1,1,2,6,3,4,2,1,3,52,991,991,91,91,991,93,0,99,99,99,0,0,0
"240",471.798819349585,40010,2,1,2,6,3,4,4,1,4,7,25,991,28,4,991,93,0,3,3,3,1,1,0
"241",685.293932169205,40042,1,2,2,6,1,1,2,1,2,991,991,991,91,91,991,91,0,99,99,1,0,0,0
"242",852.269589297303,40044,2,2,2,6,3,1,5,2,1,3,6,991,13,30,991,93,0,99,99,1,0,0,0
"243",218.198731224331,40029,2,2,2,6,4,1,2,1,2,52,993,991,91,91,991,0,0,1,5,2,0,0,0
"244",3997.86682310262,40039,2,2,2,6,3,2,6,1,4,991,991,991,91,91,991,91,0,99,99,1,0,0,0
"245",1575.97701619156,40049,1,1,2,6,2,1,5,1,3,312,991,991,15,91,991,1,0,99,99,2,0,0,0
"246",1009.8796452511,40024,2,2,2,6,2,2,5,2,4,991,991,991,91,91,991,91,0,2,1,3,1,1,0
"247",1060.24897779333,40024,2,1,2,6,3,4,3,1,1,10,3,991,93,93,991,93,0,99,99,1,0,0,0
"248",319.240183857923,40005,2,1,2,6,2,1,4,1,4,5,12,991,91,91,991,0,0,99,99,3,0,0,0
"249",4871.17105363416,40034,2,2,2,6,3,4,6,2,4,104,991,991,20,91,991,1,0,99,99,2,0,0,0
"250",550.921947275727,40028,2,1,2,6,3,4,4,1,4,2,2,991,91,91,993,93,0,3,2,3,0,0,0
"251",1212.53838459965,40048,2,1,2,6,1,4,5,1,4,1,991,991,91,91,991,93,0,3,4,4,0,0,0
"252",2352.17438982102,40015,1,2,2,6,2,1,2,1,3,991,991,991,91,91,991,91,0,99,99,1,0,0,0
"253",2970.80285810874,40012,2,1,2,6,1,1,6,2,3,991,991,991,91,91,991,91,0,99,99,2,0,0,0
"254",1410.32432910954,40040,2,1,2,6,3,2,4,1,4,12,7,993,93,93,2,0,0,3,3,4,0,0,0
"255",2526.84487378963,40036,1,1,2,6,2,4,1,2,2,10,991,991,91,91,991,0,0,99,99,2,0,0,0
"256",123.132919038144,40043,1,2,2,6,3,2,3,2,4,20,993,991,91,10,991,93,0,99,99,2,0,0,0
"257",145.960195907164,40030,1,1,2,6,3,1,1,1,2,48,993,991,93,20,991,0,0,3,4,2,0,0,0
"258",139.619410965311,40023,1,1,2,6,3,1,3,2,2,991,991,991,91,91,991,91,0,3,3,2,1,1,0
"259",289.33413122933,40002,1,2,2,6,3,3,3,2,2,993,364,991,91,91,991,93,0,2,4,3,0,0,0
"260",7377.540206707,40002,2,1,2,6,4,1,4,1,4,52,991,991,91,93,991,0,0,99,99,1,0,0,0
"261",2399.45018391846,40049,2,2,2,6,3,4,3,2,1,120,5,991,93,2,991,0,0,99,99,2,0,0,0
"262",277.594819188764,40025,1,1,2,6,1,2,4,1,4,991,993,991,91,91,991,91,0,3,3,1,0,0,0
"263",3504.85080601359,40036,2,2,2,6,1,4,3,1,4,991,991,991,91,91,991,91,0,3,4,1,1,0,0
"264",176.588808372359,40050,1,2,2,6,1,2,2,2,1,12,991,991,30,12,991,0,0,2,2,4,0,0,0
"265",2614.72291446556,40013,1,2,2,6,2,4,3,2,1,144,993,991,93,30,993,93,0,3,3,2,0,0,0
"266",391.4456945872,40026,1,1,2,6,2,2,2,2,2,991,991,991,91,91,991,91,0,1,1,2,0,0,0
"267",3770.91476049595,40008,2,1,2,6,2,1,3,2,3,3,208,991,93,4,993,0,0,99,99,2,0,0,0
"268",1394.43396276926,40018,2,2,2,6,3,4,4,1,4,993,991,991,91,91,991,93,0,99,99,2,0,0,0
"269",766.25748115506,40049,1,1,2,6,1,1,2,1,1,360,364,993,2,30,2,25,0,2,2,2,0,1,0
"270",334.31284912421,40003,1,2,2,6,3,2,3,2,1,60,52,991,93,30,993,1,0,3,2,4,0,1,0
"271",392.369034028704,40032,2,2,2,6,2,4,2,2,1,208,360,991,15,93,993,5,0,2,2,1,0,0,0
"272",88.2712053431512,40017,1,1,2,6,3,2,1,2,1,208,364,991,91,93,24,3,0,2,3,2,0,0,0
"273",128.620476074983,40043,1,2,2,6,2,1,3,2,3,48,993,991,91,93,991,1,0,3,3,2,0,0,0
"274",1428.56799431082,40033,1,1,2,6,2,1,4,1,2,3,360,991,91,30,1,93,0,99,99,3,0,0,0
"275",227.089147405988,40025,1,2,2,6,2,1,3,1,2,993,991,991,91,91,991,93,0,3,1,2,1,1,0
"276",1490.02436065961,40006,1,2,2,6,2,1,1,1,2,24,156,991,91,93,991,3,0,99,99,1,0,0,0
"277",1681.0080821217,40014,1,1,2,6,2,1,5,2,3,19,3,991,30,93,991,93,0,99,99,99,0,0,0
"278",2095.59921320877,40030,1,2,2,6,4,1,3,1,2,993,993,991,91,91,991,93,0,3,3,3,0,0,0
"279",5036.92200161702,40005,1,2,2,6,1,3,6,2,2,52,36,991,93,10,991,6,0,99,99,1,0,0,0
"280",478.878618475929,40026,1,2,2,6,3,2,6,2,4,48,12,991,93,93,991,1,0,2,1,2,1,1,0
"281",4162.99557964186,40010,1,1,2,6,3,4,5,1,4,24,36,991,91,93,991,1,0,3,4,2,0,1,0
"282",158.608902590408,40043,2,2,2,6,4,2,2,1,4,52,993,991,93,93,993,0,0,2,2,3,0,0,0
"283",273.588746002645,40033,1,1,2,6,3,4,3,1,1,104,991,991,5,30,12,1,0,4,3,2,0,0,0
"284",1696.83716458429,40042,1,2,2,6,3,1,5,1,2,60,364,991,93,93,991,1,0,1,1,4,0,1,0
"285",2702.79222552964,40041,1,2,2,6,3,1,4,2,2,991,991,991,91,91,991,91,0,99,99,1,0,0,0
"286",1104.19957528908,40014,1,1,2,6,2,4,3,2,2,120,96,991,91,91,991,93,0,99,99,2,0,0,0
"287",2223.35512233256,40017,1,1,2,6,3,4,2,2,3,36,5,991,93,93,991,0,0,99,99,3,0,0,0
"288",45.3746583281026,40030,1,1,2,6,2,2,3,1,4,60,312,4,4,25,3,7,0,2,4,2,0,0,0
"289",2136.67388684823,40028,1,2,2,6,3,1,2,2,1,12,208,991,93,30,991,1,0,1,1,3,0,1,0
"290",1469.19955721193,40020,2,1,2,6,1,4,6,2,2,48,10,991,91,2,991,1,0,3,4,4,0,0,0
"291",9.34471589837617,40037,1,2,2,6,3,3,1,2,2,96,3,991,93,28,991,5,0,2,2,2,0,0,0
"292",3413.65121588627,40039,2,1,2,6,1,2,4,1,4,991,991,991,91,91,991,91,0,5,5,2,0,0,0
"293",1579.91330176653,40032,1,1,2,6,3,4,2,1,3,192,993,993,93,30,2,10,0,3,3,3,0,0,0
"294",37.6434816949856,40033,2,2,2,6,4,1,2,1,4,10,48,993,93,93,993,1,0,1,1,4,0,1,0
"295",111.702890741442,40026,2,1,2,6,2,1,2,1,4,993,993,991,93,91,991,93,0,99,99,1,0,0,0
"296",376.226242127634,40017,1,2,2,6,3,2,2,2,1,993,991,991,91,91,991,93,0,2,1,3,1,1,0
"297",4496.0603487208,40028,2,2,2,6,1,3,3,2,2,3,12,991,91,93,991,93,0,99,99,2,0,0,0
"298",729.7864112283,40014,2,1,2,6,2,1,5,1,4,20,1,991,1,30,991,3,0,99,99,3,0,0,0
"299",2854.94326309116,40037,1,1,2,6,3,4,4,1,4,993,993,991,91,91,991,93,0,1,1,4,1,1,1
"300",1180.72619485007,40035,2,1,2,6,2,1,4,1,4,15,993,991,91,91,991,1,0,2,2,4,0,1,0
"301",243.815598917324,40033,1,1,2,6,4,1,2,1,4,24,993,991,91,91,993,0,0,99,99,2,0,0,0
"302",1769.15551173853,40050,2,2,2,6,4,1,2,1,4,104,312,3,93,2,993,1,0,99,99,1,0,0,0
"303",506.125887900785,40048,1,2,2,6,3,4,2,2,2,10,991,991,91,91,991,0,0,99,99,99,0,0,0
"304",962.601693529602,40034,2,1,2,6,3,4,3,1,4,993,312,991,93,3,991,93,0,99,99,99,0,0,0
"305",21.9561933541775,40037,1,1,2,6,4,1,1,1,1,104,364,991,91,25,993,0,0,3,2,2,0,0,0
"306",353.615380925329,40002,2,1,2,6,1,2,4,1,2,993,991,991,93,93,991,93,0,99,99,99,0,0,0
"307",277.834139041248,40043,2,2,2,6,3,4,6,2,4,991,991,991,91,91,991,91,0,99,99,99,0,0,0
"308",85.4473055888464,40010,2,2,2,6,3,1,3,1,4,144,12,991,93,93,991,0,0,4,3,2,1,0,0
"309",968.661907515469,40016,1,1,2,6,2,1,5,2,2,52,216,991,12,30,993,0,0,99,99,3,0,0,0
"310",50.4183777597254,40002,2,2,2,6,1,2,3,2,3,208,360,991,30,30,52,20,0,2,1,4,0,1,0
"311",742.020516024823,40023,2,1,2,6,2,2,4,1,2,28,993,991,93,93,991,1,0,99,99,2,0,0,0
"312",1425.65555859885,40040,2,2,2,6,2,2,3,1,4,104,365,991,93,23,104,0,0,3,4,1,1,0,0
"313",3625.4120584928,40027,1,2,2,6,2,1,3,2,2,104,991,991,91,91,991,1,0,4,4,2,0,0,0
"314",392.355832637652,40043,1,2,2,6,4,1,4,2,4,72,993,991,93,91,991,0,0,99,99,3,0,0,0
"315",257.518379587129,40032,1,2,2,6,3,4,3,2,2,52,991,991,93,30,991,1,0,99,99,2,0,0,0
"316",410.535938700191,40035,2,1,2,6,2,1,3,1,2,1,991,991,91,91,991,93,0,99,99,99,0,0,0
"317",1106.98156970764,40015,1,2,2,6,3,1,4,1,4,20,48,991,93,93,991,1,0,3,1,4,1,1,0
"318",1629.12769844315,40036,2,2,2,6,4,4,2,1,1,30,993,991,91,93,991,93,0,99,99,1,0,0,0
"319",1037.48334135766,40039,2,1,2,6,1,4,3,2,2,339,993,991,91,20,991,4,0,3,4,1,0,0,0
"320",2505.60279297921,40042,1,2,2,6,3,1,3,1,4,991,991,991,91,91,991,91,0,99,99,2,0,0,0
"321",3430.10065464044,40042,1,2,2,6,4,2,3,1,2,993,991,991,91,91,991,93,0,99,99,3,0,1,0
"322",1355.84911616837,40012,2,2,2,6,4,4,2,1,2,12,991,991,91,91,991,0,0,4,4,2,0,0,0
"323",1154.59597320367,40046,2,1,2,6,3,1,3,1,4,156,2,991,93,93,991,5,0,3,2,3,0,0,0
"324",1862.13804110759,40039,1,2,2,6,2,1,3,2,2,3,52,991,93,30,991,93,0,4,4,3,1,1,1
"325",109.240731232237,40016,2,2,2,6,1,4,1,2,1,104,260,991,30,12,12,2,0,99,99,2,0,0,0
"326",679.025891497629,40020,2,1,2,6,4,4,4,2,4,4,993,991,91,93,991,93,0,2,3,3,0,0,0
"327",31.5063605066566,40050,2,2,2,6,3,2,3,1,2,15,260,993,1,93,993,93,0,1,2,3,0,1,0
"328",140.032581369284,40027,1,2,2,6,3,4,6,1,4,991,991,991,91,91,991,91,0,99,99,2,0,0,0
"329",1888.77350654407,40011,1,1,2,6,2,4,5,2,2,108,208,991,91,93,991,1,0,99,99,99,0,0,0
"330",736.415484305586,40037,2,2,2,6,2,2,1,1,1,52,991,991,91,91,991,0,0,99,99,1,0,0,0
"331",695.906271081248,40005,2,2,2,6,2,1,2,1,4,10,991,991,91,91,991,93,0,3,3,2,0,0,0
"332",63.4487991157786,40007,1,1,2,6,2,3,1,2,1,991,991,991,91,91,991,91,0,99,99,1,0,0,0
"333",2044.55187013386,40016,1,2,2,6,3,1,1,1,2,991,991,991,91,91,991,91,0,99,99,99,0,0,0
"334",963.269670812392,40050,2,1,2,6,3,4,1,1,1,48,36,991,91,91,991,0,0,99,99,1,0,0,0
"335",215.006846263535,40010,2,1,2,6,3,1,3,1,2,84,208,991,3,30,993,3,0,4,2,1,1,0,0
"336",4002.88757309069,40030,2,1,2,6,3,1,4,1,4,25,3,991,91,1,991,93,0,2,3,3,0,1,0
"337",111.690691900157,40004,2,1,2,6,2,4,6,2,1,48,991,991,91,91,991,2,0,2,2,1,0,1,0
"338",1399.54775992798,40024,1,1,2,6,1,2,4,1,4,991,991,991,91,91,991,91,0,3,4,1,0,0,0
"339",702.170932221262,40030,2,2,2,6,3,2,1,1,2,3,991,991,93,91,991,93,0,99,99,1,0,0,0
"340",125.549733017284,40037,1,2,2,6,3,2,3,2,1,10,993,991,93,30,991,93,0,1,1,3,1,1,0
"341",1328.2635217742,40030,1,1,2,6,3,2,2,1,1,156,2,991,91,93,991,0,0,99,99,1,0,0,0
"342",317.472837860224,40009,1,2,2,6,2,2,2,1,4,5,991,991,91,91,991,0,0,2,1,3,1,1,0
"343",90.8123398211558,40007,1,2,2,6,3,1,6,1,4,24,72,991,91,91,991,1,0,2,2,3,0,1,0
"344",1281.91836413361,40045,2,1,2,6,2,1,2,2,3,4,364,991,30,15,991,1,0,99,99,99,0,0,0
"345",27.7520707835471,40033,2,1,2,6,2,4,1,2,1,991,991,991,28,91,991,91,0,99,99,99,0,0,0
"346",1781.34363924506,40026,2,2,2,6,3,1,5,1,4,3,993,991,93,30,991,93,0,1,5,1,0,0,0
"347",807.574626432285,40002,1,2,2,6,3,2,3,1,4,10,991,991,91,91,991,93,0,99,99,4,1,0,0
"348",1170.76934212281,40014,2,1,2,6,3,1,2,1,2,6,4,991,93,6,991,93,0,2,2,1,0,0,0
"349",389.147029425984,40019,1,2,2,6,3,2,4,1,4,35,48,991,91,91,1,0,0,99,99,2,0,0,0
"350",721.544661763449,40009,1,2,2,6,4,1,2,1,4,48,208,991,91,93,993,93,0,5,1,2,0,0,0
"351",253.725462994427,40038,1,1,2,6,2,2,3,2,4,991,991,991,91,91,991,91,0,99,99,1,0,0,0
"352",880.021816771135,40050,2,1,2,6,2,3,4,1,2,10,991,991,91,91,991,0,0,4,2,1,0,0,0
"353",1222.33072179605,40044,2,1,2,6,3,2,4,2,2,48,24,991,93,93,991,3,0,99,99,1,0,0,0
"354",1229.34591098763,40008,1,2,2,6,3,4,4,1,4,991,991,991,91,91,991,91,0,99,99,2,0,0,0
"355",1267.37832912083,40044,2,1,2,6,4,1,1,1,2,991,991,991,91,91,991,91,0,3,2,3,0,0,0
"356",2176.71350919424,40042,1,1,2,6,3,2,6,1,4,1,991,991,91,91,991,93,0,99,99,1,0,0,0
"357",1176.19046644197,40001,2,1,2,6,1,1,4,2,3,40,991,991,91,91,991,7,0,99,99,3,0,0,0
"358",1068.25958558248,40028,1,2,2,6,1,1,1,1,3,104,260,12,7,30,993,10,0,2,4,2,0,0,0
"359",944.959636735107,40035,1,2,2,6,3,4,4,1,4,991,991,991,91,91,991,91,0,99,99,3,0,0,0
"360",140.406007504859,40048,1,1,2,6,2,4,3,2,2,180,336,300,30,93,208,11,1,99,99,4,1,1,1
"361",94.1490462492346,40033,2,1,2,6,3,3,4,1,4,3,993,993,3,25,993,93,0,99,99,2,0,0,0
"362",3332.70985129594,40001,2,2,2,6,2,2,1,2,2,5,991,991,93,91,991,93,0,1,1,1,0,0,0
"363",375.425910053621,40014,1,2,2,6,3,1,5,1,4,5,991,991,91,91,991,93,0,1,1,3,0,0,0
"364",6182.3712440389,40025,2,1,2,6,2,2,5,2,3,5,991,991,91,93,991,0,0,99,99,1,0,0,0
"365",171.737916632595,40027,1,2,2,6,3,4,6,1,4,991,991,991,91,91,991,91,0,3,2,2,0,1,0
"366",2242.01787948952,40049,2,2,2,6,2,2,1,2,1,9,55,991,91,93,991,93,0,99,99,2,0,0,0
"367",6193.49756348353,40010,2,2,2,6,3,4,6,1,1,5,993,991,91,91,991,0,0,99,99,1,0,0,0
"368",3109.80229316649,40021,2,2,2,6,4,2,2,1,4,24,991,991,91,91,991,2,0,3,4,1,0,0,0
"369",2548.59092180463,40006,1,1,2,6,2,1,5,1,2,991,364,991,93,93,991,91,0,2,4,2,0,0,0
"370",957.841868169522,40004,1,2,2,6,3,2,4,1,4,991,991,991,91,91,991,91,0,4,1,4,1,1,0
"371",1541.80682452559,40043,2,2,2,6,1,1,2,2,2,240,156,20,93,93,993,93,0,99,99,99,0,0,0
"372",103.01142476103,40047,2,2,2,6,3,2,3,1,4,991,991,991,91,93,991,91,0,2,1,1,0,0,0
"373",756.229667417773,40050,2,2,2,6,2,4,3,1,3,993,5,991,91,91,991,93,0,1,1,4,0,1,0
"374",642.681339817344,40050,2,2,2,6,2,3,5,2,1,991,991,991,91,93,991,91,0,99,99,1,0,0,0
"375",1267.4741559251,40007,1,2,2,6,4,3,2,1,2,24,991,991,91,91,991,93,0,3,3,3,0,1,0
"376",2056.40709201839,40025,2,2,2,6,1,4,4,2,4,991,991,991,93,30,991,91,0,99,99,3,0,1,0
"377",221.115199817267,40023,1,2,2,6,2,2,3,2,4,3,991,991,91,91,991,0,0,99,99,1,0,0,0
"378",5770.69398448653,40022,2,2,2,6,2,3,6,2,4,993,30,991,93,30,991,93,0,2,2,2,1,0,0
"379",544.789592104639,40032,2,1,2,6,3,3,3,1,2,991,991,991,91,91,991,91,0,99,99,1,0,0,0
"380",297.917874423498,40026,2,1,2,6,3,4,2,1,3,991,991,991,91,91,991,91,0,99,99,1,0,0,0
"381",94.0102292020975,40023,1,1,2,6,2,3,3,1,2,991,991,991,91,91,991,91,0,99,99,2,0,0,0
"382",597.661529346355,40019,2,1,2,6,3,1,4,1,4,991,991,991,91,91,991,91,0,3,5,2,0,0,0
"383",1014.24671497127,40015,1,1,2,6,1,4,2,2,2,993,357,993,93,30,993,93,0,99,99,1,0,0,0
"384",863.115279772032,40011,1,2,2,6,3,4,3,2,2,260,364,2,91,93,1,6,0,1,1,4,1,1,1
"385",497.99444432386,40002,1,2,2,6,2,1,6,2,4,991,993,991,91,10,991,91,0,4,3,2,0,0,0
"386",562.902223328781,40003,1,1,2,6,4,1,2,1,4,52,991,991,91,91,991,0,0,2,2,2,0,0,0
"387",424.743006595873,40047,2,1,2,6,3,1,1,1,3,48,5,991,91,91,991,1,0,99,99,3,0,0,0
"388",176.477684233346,40014,2,1,2,6,4,2,1,1,1,104,3,991,93,93,991,9,0,99,99,1,0,0,0
"389",1743.43525040429,40007,1,2,2,6,1,2,6,2,1,180,364,991,93,91,993,1,0,99,99,2,0,0,0
"390",3677.55027261252,40019,1,2,2,6,2,1,6,2,4,168,300,991,10,20,993,2,0,3,3,3,0,0,0
"391",201.786954734071,40046,1,1,2,6,1,1,1,2,1,48,30,991,2,5,993,93,0,99,99,2,0,1,0
"392",168.340987359987,40006,1,2,2,6,4,4,1,1,1,260,364,991,91,91,991,2,0,99,99,99,0,0,0
"393",747.457548432689,40004,1,1,2,6,2,4,3,1,4,991,991,991,91,91,991,91,0,4,4,2,0,0,0
"394",3973.60435130029,40042,1,2,2,6,1,4,2,2,1,15,260,991,93,93,991,2,0,99,99,3,0,0,0
"395",213.920969367686,40033,1,1,2,6,2,1,5,2,2,4,60,991,93,5,993,93,0,2,3,3,0,0,0
"396",28.0009013260008,40043,1,2,2,6,2,2,6,2,3,993,991,991,91,93,991,93,0,2,1,4,1,1,0
"397",811.420949349281,40010,2,2,2,6,2,3,2,2,1,52,156,991,91,93,1,2,0,99,99,2,0,0,0
"398",8408.04383307859,40012,2,1,2,6,1,2,5,2,2,208,300,993,3,30,4,25,0,1,1,4,0,0,0
"399",622.598329204655,40017,1,1,2,6,1,2,3,2,3,15,364,991,91,30,993,0,0,99,99,2,0,0,0
"400",1565.22454164577,40012,2,2,2,6,2,4,5,2,1,24,993,991,30,91,991,2,0,3,2,2,0,0,0
"401",989.188589238182,40035,2,1,2,6,1,2,3,2,3,991,991,991,91,91,991,91,0,99,99,2,0,0,0
"402",171.847270221815,40005,2,2,2,6,2,3,3,1,3,9,2,991,93,93,991,93,0,99,99,2,1,0,1
"403",51.0147010447256,40050,1,2,2,6,2,1,2,2,3,12,12,156,93,30,12,1,0,99,99,99,0,0,0
"404",6744.79450902867,40021,2,2,2,6,1,1,3,2,2,10,362,991,91,91,991,0,0,2,3,3,0,0,0
"405",2463.1134195392,40002,2,2,2,6,3,2,3,1,4,5,993,991,93,91,991,0,0,4,4,2,0,0,0
"406",459.885981363318,40035,1,1,2,6,2,2,3,1,2,991,991,991,91,91,991,91,0,99,99,99,0,0,0
"407",61.0852338303898,40036,1,2,2,6,3,4,2,1,4,24,991,991,91,93,991,0,0,4,3,2,0,0,0
"408",369.352083692591,40042,1,1,2,6,2,4,1,2,2,6,993,991,93,30,991,1,0,99,99,99,0,0,0
"409",456.50252900488,40027,2,2,2,6,3,1,3,2,2,312,993,991,93,93,991,6,0,4,3,1,0,0,0
"410",977.202183405655,40041,2,2,2,6,3,2,2,2,2,36,991,991,93,91,991,0,0,99,99,1,0,0,0
"411",1280.70395746624,40038,1,2,2,6,2,2,2,2,2,52,260,991,91,30,991,93,0,99,99,1,0,0,0
"412",5852.90519684264,40029,2,1,2,6,3,1,2,1,3,3,991,991,91,91,991,0,0,3,5,2,0,0,0
"413",313.292303527651,40003,1,2,2,6,3,2,2,1,1,36,104,991,1,3,1,93,0,1,2,3,0,0,0
"414",664.67354094647,40038,1,1,2,6,2,3,6,2,2,993,260,3,91,93,6,93,0,4,3,1,0,0,0
"415",729.776505045793,40007,1,2,2,6,4,2,4,1,2,1,993,991,91,91,993,93,0,4,2,4,0,0,0
"416",203.606541398896,40016,2,2,2,6,2,1,3,2,1,13,192,991,15,91,991,93,1,99,99,2,1,0,0
"417",1725.63609900334,40019,1,2,2,6,2,1,1,1,2,12,8,991,93,93,991,1,0,4,3,2,0,0,0
"418",177.221520404322,40025,1,2,2,6,3,4,4,2,1,991,991,991,91,91,991,91,0,99,99,99,0,0,0
"419",69.6793984355603,40050,1,2,2,6,2,1,5,2,2,991,365,991,30,93,991,91,0,3,2,1,0,0,0
"420",513.581670584329,40024,1,2,2,6,2,1,4,1,4,96,3,991,91,93,991,0,0,1,3,3,1,1,0
"421",3139.28035042248,40027,2,2,2,6,1,4,4,1,1,993,993,993,93,93,991,93,0,99,99,99,0,0,0
"422",1758.32409404448,40019,1,1,2,6,3,1,2,1,1,208,11,991,25,11,60,93,0,99,99,3,0,0,0
"423",7396.33837816816,40020,1,1,2,6,2,1,3,2,3,30,991,991,91,10,991,93,0,99,99,2,0,0,0
"424",438.415080929815,40030,1,2,2,6,3,1,4,1,1,36,993,991,3,91,991,0,0,99,99,1,0,0,0
"425",789.408568068641,40035,1,2,2,6,1,4,4,2,2,991,991,991,91,91,991,91,0,99,99,2,0,0,0
"426",615.783537670929,40035,2,1,2,6,1,1,1,2,2,6,364,991,93,30,991,93,0,2,3,1,0,0,0
"427",2437.53938391136,40031,1,2,2,6,2,2,2,2,1,993,993,991,93,93,991,93,0,1,1,4,0,1,0
"428",3075.01929353147,40020,1,1,2,6,3,4,5,1,4,52,115,991,91,93,991,93,0,4,5,1,0,0,0
"429",140.648453554062,40040,1,1,2,6,1,1,6,2,3,991,991,991,91,91,991,91,0,2,1,4,0,0,0
"430",1613.8423047635,40036,1,1,2,6,3,2,2,1,2,52,991,991,91,91,991,0,0,99,99,1,0,0,0
"431",860.716717541935,40027,2,1,2,6,2,3,4,1,4,48,60,991,91,91,991,0,0,2,1,3,1,1,0
"432",1623.63812863364,40023,2,1,2,6,2,3,4,1,4,991,993,991,91,91,991,91,0,4,3,2,0,0,0
"433",9458.72059798601,40010,1,1,2,6,1,1,3,1,4,84,364,991,91,30,991,1,0,1,1,4,1,1,0
"434",3887.37204339769,40048,1,2,2,6,3,2,2,1,2,993,993,991,93,93,991,93,0,2,1,4,1,1,0
"435",3456.54992469458,40022,1,2,2,6,1,4,3,2,4,993,991,991,91,91,991,93,0,3,2,2,0,0,0
"436",9.77939077036852,40027,1,1,2,6,3,4,4,2,1,208,991,991,93,91,991,1,0,99,99,99,0,0,0
"437",196.632011016568,40013,2,1,2,6,2,1,5,2,2,1,991,991,91,93,991,93,0,99,99,2,0,0,0
"438",3017.08842420717,40032,1,2,2,6,3,2,3,1,3,991,991,991,91,91,991,91,0,4,3,1,1,0,0
"439",3604.64509895182,40043,2,1,2,6,2,3,2,2,1,24,156,991,93,10,991,1,0,1,2,4,1,1,0
"440",10313.3518223017,40050,1,1,2,6,2,3,6,1,4,991,991,991,91,91,991,91,0,99,99,1,0,0,0
"441",3505.80683998157,40017,2,2,2,6,1,1,2,1,2,260,991,991,93,93,991,25,0,99,99,99,0,0,0
"442",130.465524503269,40010,2,2,2,6,3,2,4,2,4,5,260,991,30,93,991,93,0,2,3,2,1,1,1
"443",1703.56205497341,40016,2,1,2,6,2,1,2,1,3,36,260,993,93,30,12,93,0,99,99,2,0,0,0
"444",60.811086347579,40004,2,1,2,6,2,2,4,2,1,991,991,991,91,91,991,91,0,99,99,99,0,0,0
"445",3674.08157752462,40035,1,1,2,6,3,4,4,1,2,37,60,991,91,1,991,1,0,99,99,2,0,0,0
"446",237.862095795222,40037,2,1,2,6,2,4,6,1,4,1,991,991,91,93,991,1,0,99,99,2,0,1,0
"447",10421.7731436087,40007,1,1,2,6,2,3,3,2,2,48,364,991,93,4,991,4,0,99,99,2,0,0,0
"448",477.05493668382,40008,1,2,2,6,1,2,4,2,4,15,364,991,93,30,993,93,0,1,2,4,1,0,0
"449",1969.72911173752,40030,2,1,2,6,2,4,3,1,4,2,991,991,91,91,991,93,0,4,5,1,0,0,0
"450",208.768429904836,40013,1,2,2,6,3,2,3,1,4,156,208,991,91,30,993,5,0,3,4,2,0,0,0
"451",131.440423723601,40017,1,1,2,6,4,1,2,1,4,52,364,1,93,93,12,1,0,99,99,1,0,0,0
"452",1475.0786622109,40048,1,1,2,6,3,1,6,2,1,15,84,991,91,93,991,4,0,99,99,1,0,0,0
"453",623.25577028992,40018,1,2,2,6,2,3,5,2,1,3,991,991,91,91,991,93,0,99,99,1,0,0,0
"454",2891.1220267843,40046,1,2,2,6,3,1,1,1,2,48,260,993,93,93,1,1,0,4,3,3,0,1,0
"455",4149.88373652749,40016,2,2,2,6,2,4,3,1,4,991,991,991,91,91,991,91,0,99,99,1,0,0,0
"456",3530.5395137665,40012,2,2,2,6,2,1,1,1,2,15,312,993,93,91,7,0,0,99,99,1,0,0,0
"457",25.2896840386249,40034,1,1,2,6,1,4,5,2,2,991,991,991,91,91,991,91,0,99,99,2,0,0,0
"458",166.159152741608,40044,1,2,2,6,4,1,3,1,4,993,991,991,91,91,991,93,0,3,3,3,0,0,0
"459",230.110174827295,40033,2,1,2,6,2,3,3,2,2,993,993,991,91,91,991,93,0,99,99,1,0,0,0
"460",438.894659670461,40003,1,2,2,6,4,1,3,1,4,12,993,991,91,91,991,93,0,99,99,2,1,0,0
"461",935.89137991553,40005,2,1,2,6,3,1,2,1,2,993,991,991,91,91,991,93,0,99,99,1,0,0,0
"462",246.722627689303,40026,1,2,2,6,3,1,5,1,4,36,991,991,91,91,991,1,0,2,1,2,0,0,1
"463",8280.86653084098,40002,2,2,2,6,4,3,4,1,4,104,993,991,91,93,991,1,0,99,99,1,0,0,0
"464",4971.36762563067,40018,1,2,2,6,2,4,3,2,2,993,991,991,93,93,991,93,0,99,99,2,0,0,0
"465",295.673260358681,40003,2,2,2,6,2,1,3,2,2,42,993,991,91,2,991,2,0,3,3,3,1,0,0
"466",49.5514010261663,40039,1,1,2,6,3,2,4,2,2,6,993,991,91,91,991,0,0,99,99,3,0,0,0
"467",1226.0307483203,40001,2,1,2,6,3,4,1,1,1,8,991,991,91,91,991,93,0,99,99,2,0,0,0
"468",405.811340642579,40049,2,1,2,6,3,1,3,2,3,24,3,991,93,91,993,0,0,1,2,4,1,0,0
"469",88.4047116827217,40041,2,1,2,6,2,1,5,2,2,991,7,991,93,4,991,91,0,99,99,2,1,1,0
"470",2860.63517272876,40025,2,1,2,6,3,1,3,1,4,48,1,991,91,93,991,5,0,99,99,1,0,0,0
"471",1351.64009715129,40003,1,1,2,6,3,1,3,1,2,156,993,993,91,29,991,2,0,99,99,1,0,0,0
"472",799.724380717388,40027,2,2,2,6,2,2,4,2,3,991,1,991,91,91,991,91,0,3,2,3,1,0,0
"473",675.375101041678,40014,1,2,2,6,2,3,4,1,4,993,993,991,1,93,991,93,0,99,99,1,0,0,0
"474",704.10241171713,40017,1,2,2,6,2,3,3,1,4,991,991,991,91,91,991,91,0,1,3,4,0,1,0
"475",405.024003073974,40028,2,1,2,6,2,2,1,2,1,5,355,1,93,30,993,2,1,3,1,4,1,1,1
"476",3722.30108441659,40013,2,2,2,6,3,1,3,2,2,339,6,991,91,91,991,4,0,99,99,3,0,1,0
"477",804.43331833498,40002,1,2,2,6,4,2,3,1,4,12,991,991,91,91,991,1,0,3,5,1,0,0,0
"478",407.414497282157,40003,2,1,2,6,3,1,2,2,4,24,991,991,91,91,991,0,0,3,3,2,0,0,0
"479",228.625856021732,40027,2,1,2,6,2,3,3,2,2,991,991,991,91,91,991,91,0,2,5,1,0,0,0
"480",16.0645714151924,40050,1,2,2,6,3,1,5,2,2,991,991,991,91,91,991,91,0,3,1,1,0,0,0
"481",2590.46531843404,40041,1,2,2,6,2,2,6,2,2,991,5,991,91,4,991,91,0,99,99,1,0,0,0
"482",27.3802967950479,40037,2,2,2,6,3,2,3,1,2,24,993,991,93,15,991,0,0,99,99,2,0,1,0
"483",301.741134546128,40014,1,1,2,6,2,1,3,1,4,991,991,991,91,91,991,91,0,99,99,2,0,0,0
"484",1830.40465078518,40013,2,1,2,6,1,4,5,2,4,20,36,991,91,15,991,93,0,99,99,99,0,0,0
"485",727.867501408168,40007,1,2,2,6,3,2,5,2,4,7,993,993,91,91,6,93,0,1,2,4,0,1,0
"486",50.6812349000065,40039,1,1,2,6,2,1,2,1,3,52,336,993,15,30,156,0,0,2,3,2,0,0,0
"487",357.129187724156,40030,2,2,2,6,3,1,2,2,3,48,36,991,91,91,991,1,0,3,3,3,0,0,0
"488",286.556362448542,40002,2,2,2,6,2,1,5,2,2,991,991,991,91,91,991,91,0,99,99,2,0,0,0
"489",105.238900626476,40041,2,2,2,6,2,3,5,2,2,991,991,991,91,91,991,91,0,99,99,1,0,0,0
"490",540.489981642918,40015,2,2,2,6,1,2,3,1,2,7,991,991,91,93,991,1,0,99,99,99,0,0,0
"491",199.88190807555,40025,2,2,2,6,1,4,3,2,1,156,991,991,91,91,993,0,0,4,5,1,0,0,0
"492",313.018530649984,40035,1,2,2,6,3,1,3,2,2,48,208,991,1,93,993,93,0,99,99,2,0,0,0
"493",238.01855885122,40010,1,2,2,6,4,1,2,1,4,52,364,993,93,93,2,3,0,1,1,2,1,1,0
"494",2058.10304186392,40019,1,2,2,6,2,4,3,1,4,72,991,991,91,91,991,1,0,2,3,3,0,1,0
"495",260.454004039127,40002,1,2,2,6,3,4,6,2,2,7,991,991,91,93,991,0,0,1,1,4,0,0,0
"496",2743.44544794626,40029,2,2,2,6,4,2,1,1,3,52,156,991,91,93,991,0,0,3,3,2,0,0,0
"497",10.285036065896,40037,1,2,2,6,3,4,2,2,4,48,72,991,93,93,991,93,0,99,99,2,0,0,0
"498",924.808705981246,40006,1,1,2,6,1,1,3,2,2,339,17,991,91,93,991,1,0,99,99,2,0,0,0
"499",166.255257981518,40025,2,1,2,6,2,3,1,2,1,156,180,991,30,6,991,93,1,1,3,2,1,1,1
"500",1117.97873062352,40009,1,1,2,6,1,1,6,2,2,104,993,991,93,30,993,4,0,1,1,3,0,1,0
"501",38.933466016554,40016,2,2,2,6,2,4,2,2,1,12,991,991,91,91,991,0,0,3,1,2,0,0,0
"502",3080.15177359033,40035,2,1,2,6,3,1,6,2,3,15,24,991,93,30,991,0,0,5,2,3,1,0,0
"503",56.6000213714827,40023,1,2,2,6,2,2,4,2,3,12,993,991,93,30,991,2,0,3,2,4,1,1,0
"504",3604.38282411658,40029,1,1,2,6,2,1,3,2,4,52,364,993,5,2,993,2,0,4,2,3,0,0,0
"505",624.099984670893,40005,2,1,2,6,3,2,4,1,4,991,991,991,91,91,991,91,0,99,99,1,0,0,0
"506",1403.88273641977,40039,2,2,2,6,3,4,5,1,1,5,991,991,1,93,991,1,0,2,2,3,0,0,0
"507",10486.6315677198,40042,2,1,2,6,4,1,2,1,4,60,12,991,91,91,991,4,0,4,3,2,0,0,0
"508",551.403811750047,40046,1,2,2,6,3,1,6,1,2,84,991,991,91,91,991,0,0,5,2,1,0,0,0
"509",1178.6560369519,40004,2,1,2,6,3,3,3,1,4,52,991,991,93,93,991,2,0,99,99,99,0,0,0
"510",143.801247497954,40043,1,1,2,6,3,3,5,1,4,991,991,991,91,91,991,91,0,99,99,1,0,0,0
"511",114.581065947152,40003,1,2,2,6,3,1,2,2,2,12,993,991,91,93,991,0,0,2,2,1,0,0,0
"512",1659.69381018528,40012,2,2,2,6,3,1,2,1,3,156,365,993,93,93,991,0,0,2,1,3,0,1,0
"513",2159.1843158223,40023,1,2,2,6,2,2,3,2,2,30,312,993,93,30,993,2,0,1,1,2,1,1,0
"514",1436.02288982774,40047,1,2,2,6,4,2,1,2,1,3,2,991,91,91,991,0,0,3,3,2,0,0,0
"515",142.437934135806,40003,2,2,2,6,3,4,3,2,2,991,991,991,91,91,993,91,0,99,99,3,0,0,0
"516",392.504060916042,40045,1,2,2,6,2,2,3,2,1,72,365,991,30,93,991,4,0,99,99,3,0,0,0
"517",464.813545281432,40002,2,2,2,6,4,1,2,1,4,120,364,991,91,30,991,2,0,99,99,4,0,0,0
"518",20.6013176413046,40027,2,2,2,6,4,2,1,1,2,52,993,991,91,93,991,0,0,99,99,4,0,0,0
"519",558.150060128301,40018,2,2,2,6,3,1,4,1,1,991,991,991,91,91,991,91,0,4,4,2,0,0,0
"520",592.334945527039,40021,2,1,2,6,1,4,3,1,4,1,991,991,91,91,991,1,0,2,2,4,0,1,0
"521",1907.69115516529,40003,2,1,2,6,2,3,6,2,3,991,991,991,91,91,991,91,0,3,3,2,0,0,0
"522",231.587355791542,40043,2,2,2,6,1,4,2,1,3,30,364,991,30,5,3,0,0,99,99,1,0,0,0
"523",22.2831041262375,40013,1,2,2,6,2,3,2,2,1,24,5,991,91,93,991,2,0,99,99,99,0,0,0
"524",210.879429701982,40037,2,2,2,6,2,2,5,2,2,3,5,991,91,93,991,0,0,3,2,2,0,0,0
"525",227.879292021611,40013,2,2,2,6,4,1,4,1,4,52,2,991,93,93,991,1,0,99,99,2,0,0,0
"526",3044.11793752892,40021,1,1,2,6,1,1,4,2,1,48,23,991,5,4,993,93,0,99,99,2,0,0,0
"527",533.175410864639,40025,1,2,2,6,2,1,2,2,1,1,3,993,10,30,993,93,1,99,99,1,0,0,0
"528",509.341032526811,40013,1,2,2,6,4,1,1,1,2,96,991,991,93,93,991,1,0,3,3,3,0,0,0
"529",4622.02891396203,40001,1,1,2,6,3,4,3,2,2,4,991,991,91,91,991,0,0,5,3,3,0,0,0
"530",1727.16556872882,40044,2,1,2,6,2,1,3,2,1,993,364,993,93,30,2,93,0,99,99,3,0,0,0
"531",394.228621194385,40001,2,2,2,6,4,1,2,1,2,48,364,991,91,93,4,4,0,99,99,2,0,0,0
"532",483.416799054954,40013,2,1,2,6,2,1,3,2,2,84,364,993,93,30,1,7,0,1,1,2,1,0,0
"533",65.471442667915,40004,1,1,2,6,3,3,3,1,4,12,342,991,91,91,991,1,0,99,99,1,0,0,0
"534",75.1490210714513,40010,1,2,2,6,3,4,4,1,4,993,991,991,91,20,991,93,0,3,2,3,0,1,0
"535",585.168374825093,40036,1,1,2,6,2,4,1,2,1,104,991,991,91,91,991,0,0,99,99,99,0,0,0
"536",1202.94829982608,40001,2,1,2,6,2,4,2,1,2,30,208,993,30,30,1,0,1,99,99,4,0,1,0
"537",1438.26190194046,40033,2,2,2,6,2,4,6,2,2,24,156,991,11,18,991,0,0,99,99,2,0,0,0
"538",1435.29812345368,40030,1,1,2,6,3,1,3,1,4,991,991,991,91,93,991,91,0,99,99,1,0,0,0
"539",2917.72118685047,40005,2,1,2,6,2,4,2,2,1,52,993,993,30,93,993,93,0,99,99,99,0,0,0
"540",613.501398534562,40010,1,2,2,6,2,1,3,2,1,10,991,991,91,91,991,0,0,99,99,2,1,1,0
"541",542.805879906596,40013,1,1,2,6,2,1,4,1,4,36,991,991,91,93,991,0,0,2,2,2,0,0,0
"542",74.5642560187842,40050,1,1,2,6,2,3,2,1,3,104,991,991,93,91,991,0,0,99,99,99,0,0,0
"543",77.5852137356189,40033,1,1,2,6,3,1,2,1,3,48,3,1,93,93,991,5,0,2,2,4,0,0,0
"544",1110.74246724914,40015,1,1,2,6,3,4,4,1,4,991,991,991,91,91,991,91,0,1,5,1,0,0,0
"545",1117.55563261076,40015,2,2,2,6,2,1,1,1,2,52,991,991,91,91,991,93,0,99,99,99,0,0,0
"546",30.9476568281275,40001,1,1,2,6,3,1,2,1,2,65,44,991,91,91,991,12,0,99,99,1,0,0,0
"547",676.215529642778,40024,1,1,2,6,1,4,3,2,1,993,324,991,93,91,4,93,0,99,99,3,1,1,0
"548",49.6756408756214,40007,1,2,2,6,4,1,3,1,1,104,993,993,91,93,993,1,0,99,99,2,0,0,0
"549",6880.51164623735,40003,1,1,2,6,2,4,5,2,3,991,1,991,91,91,991,91,0,99,99,99,0,0,0
"550",280.550104366545,40008,1,2,2,6,3,2,3,1,3,991,991,991,91,91,991,91,0,99,99,1,0,0,0
"551",195.414494471011,40023,2,1,2,6,1,2,3,2,3,10,364,991,91,30,991,0,0,99,99,99,0,0,0
"552",1070.1376506871,40048,1,2,2,6,4,1,3,1,2,6,993,991,91,93,991,0,0,2,2,2,0,1,0
"553",499.549008358539,40017,1,2,2,6,3,4,3,2,2,4,993,991,93,30,991,0,0,3,2,1,0,1,0
"554",462.965527810995,40010,1,2,2,6,2,4,2,2,1,993,84,991,93,30,993,93,0,3,4,2,1,1,0
"555",774.035739378598,40043,1,2,2,6,4,1,4,2,4,60,993,991,93,93,993,1,0,99,99,2,0,0,0
"556",395.153962646863,40043,1,2,2,6,1,2,3,2,1,993,993,993,91,30,991,93,0,1,1,3,0,1,0
"557",223.341489132326,40002,2,2,2,6,2,4,6,2,2,993,991,993,93,30,991,93,0,99,99,4,0,0,0
"558",221.114405360429,40010,1,2,2,6,1,4,5,2,1,991,993,991,91,93,991,91,0,3,1,2,0,0,0
"559",668.25901971294,40003,1,1,2,6,3,1,3,1,4,52,993,993,93,30,993,93,0,99,99,99,0,0,0
"560",141.818785777478,40003,2,2,2,6,1,4,4,2,2,52,104,991,93,30,993,0,0,1,1,3,1,1,0
"561",26.6188628806772,40040,1,2,2,6,2,4,4,2,2,993,991,991,91,91,991,93,0,99,99,1,0,0,0
"562",188.757153735898,40026,2,2,2,6,4,4,3,1,1,60,1,991,93,91,991,1,0,1,3,3,0,0,0
"563",565.486877519504,40029,1,2,2,6,4,1,1,1,2,3,991,991,91,91,991,93,0,2,2,3,0,0,0
"564",1814.73765504188,40032,1,1,2,6,1,1,2,2,1,991,993,991,91,91,991,91,0,1,2,1,0,0,0
"565",4414.17146624866,40019,2,2,2,6,3,1,6,1,4,260,991,991,91,91,991,0,0,2,1,3,1,1,0
"566",712.446251730365,40033,1,1,2,6,1,2,3,1,4,48,991,991,91,93,991,3,0,99,99,1,0,0,0
"567",160.535892793537,40039,1,2,2,6,4,2,2,1,4,104,361,3,93,30,993,5,0,2,1,4,0,0,0
"568",596.512771986238,40026,1,1,2,6,3,4,2,1,1,993,993,991,91,91,991,93,0,99,99,1,0,0,0
"569",7349.69965318836,40040,2,2,2,6,3,1,4,1,4,208,361,991,1,25,2,15,0,99,99,1,1,1,0
"570",1824.14365752561,40049,2,2,2,6,2,4,6,1,4,24,12,991,91,91,991,1,0,99,99,2,0,0,0
"571",163.217191526041,40046,1,2,2,6,3,2,1,2,1,72,1,991,20,20,993,0,0,1,1,4,0,0,0
"572",661.22173068239,40009,2,1,2,6,2,2,5,2,2,20,993,991,93,93,991,93,0,1,1,2,0,0,0
"573",1416.49980321801,40032,2,2,2,6,4,2,5,2,4,15,208,991,93,15,993,0,0,99,99,4,0,0,0
"574",10.5661322204595,40017,1,1,2,6,3,1,3,2,4,312,360,991,93,30,4,93,0,99,99,3,1,1,0
"575",4304.85064141638,40002,1,2,2,6,4,1,4,1,2,991,2,991,91,91,991,91,0,99,99,3,1,0,0
"576",596.679587244665,40029,2,1,2,6,4,1,2,1,4,60,4,991,91,93,991,5,0,99,99,1,0,0,0
"577",4164.46889642936,40020,2,2,2,6,2,2,3,1,2,84,15,6,2,25,3,4,0,3,1,3,1,1,0
"578",408.151045316631,40002,2,2,2,6,4,3,3,1,4,1,991,991,91,91,991,93,0,99,99,3,0,0,0
"579",266.625383516367,40032,1,2,2,6,3,1,3,2,4,36,993,991,91,14,991,93,0,99,99,3,0,0,0
"580",342.304481739532,40003,1,2,2,6,2,1,2,2,2,9,208,993,93,4,12,1,0,99,99,1,0,0,0
"581",669.62625919586,40034,2,1,2,6,4,1,4,1,2,991,991,991,91,91,991,91,0,3,4,2,0,0,0
"582",124.282098018398,40030,2,2,2,6,2,1,3,1,2,991,991,991,91,91,991,91,0,3,3,2,0,0,0
"583",238.366376693602,40047,2,1,2,6,2,4,4,2,1,12,208,991,91,93,991,0,0,99,99,99,0,0,0
"584",458.052862278458,40048,1,2,2,6,4,2,2,1,2,60,991,991,91,91,991,1,0,2,3,3,0,1,0
"585",14.3428752453354,40040,2,1,2,6,3,1,3,2,2,993,993,991,91,93,991,93,0,3,2,1,1,0,0
"586",1412.32420849186,40043,1,1,2,6,3,2,5,1,4,991,991,991,91,91,991,91,0,3,4,1,0,0,0
"587",1824.36448617838,40049,2,1,2,6,1,1,3,2,1,364,991,991,93,30,991,5,0,99,99,99,0,0,0
"588",1351.20405919118,40036,2,2,2,6,4,1,2,1,3,144,2,993,93,20,993,3,0,2,3,2,0,0,0
"589",162.35556531329,40048,2,2,2,6,3,2,6,2,2,993,991,991,91,93,991,93,0,99,99,2,0,0,0
"590",2483.64400272752,40049,2,1,2,6,3,3,2,2,1,104,104,1,1,4,993,4,0,1,1,4,0,1,0
"591",6203.71354454443,40020,1,1,2,6,2,4,5,1,3,991,991,991,91,91,991,91,0,99,99,1,0,0,0
"592",5224.72928581397,40041,2,1,2,6,1,1,2,2,2,10,156,991,93,6,993,0,0,99,99,1,0,0,0
"593",275.150155807818,40049,1,1,2,6,2,1,3,2,2,108,363,991,1,93,993,0,0,99,99,2,0,0,0
"594",1026.48631632218,40043,1,2,2,6,3,2,6,2,4,991,991,991,91,91,991,91,0,3,2,2,0,0,0
"595",2063.63488447896,40044,1,2,2,6,1,2,4,2,4,991,991,991,91,91,991,91,0,2,1,4,1,1,0
"596",639.12887837813,40039,1,2,2,6,2,4,3,2,2,991,4,991,91,93,991,91,0,99,99,99,0,0,0
"597",1210.19970311536,40036,2,2,2,6,1,1,5,1,3,993,991,991,91,91,991,93,0,1,2,4,1,1,0
"598",2729.30789676906,40043,1,2,2,6,4,1,5,1,4,36,993,991,91,91,991,0,0,1,2,3,0,1,0
"599",236.192246726159,40005,2,1,2,6,3,2,1,1,1,991,991,991,91,91,991,91,0,99,99,2,1,1,0
"600",129.589810840823,40012,1,1,2,6,4,1,2,2,1,6,993,991,91,91,991,93,0,99,99,2,0,0,0
"601",320.509925701197,40003,2,2,2,6,4,1,2,1,4,72,96,991,93,93,991,4,0,3,2,3,0,0,0
"602",1783.90431635646,40025,1,1,2,6,2,1,3,2,2,991,991,991,91,91,991,91,0,99,99,3,0,0,0
"603",414.415872122877,40033,1,1,2,6,2,3,1,2,1,991,991,991,93,91,991,91,0,99,99,99,0,0,0
"604",1003.19988201477,40025,1,2,2,6,1,4,4,2,1,36,993,991,93,93,993,1,0,99,99,2,0,0,0
"605",15941.3834987966,40023,2,1,2,6,2,2,4,1,3,3,991,991,91,91,991,93,0,99,99,3,0,0,0
"606",221.746010975436,40026,1,2,2,6,2,2,3,2,4,991,991,991,91,91,991,91,0,3,3,4,0,0,0
"607",1082.58843207753,40035,1,2,2,6,2,3,6,2,2,1,208,991,93,91,991,0,0,99,99,1,0,0,0
"608",87.6359299023082,40050,1,2,2,6,2,4,5,2,1,104,208,991,3,30,991,2,0,1,3,3,1,1,0
"609",1190.03868827357,40014,1,2,2,6,2,1,3,1,2,4,993,991,91,91,991,93,0,5,5,1,0,0,0
"610",6566.34155741302,40038,1,2,2,6,2,4,6,2,4,4,260,991,91,91,991,93,0,2,3,3,1,1,0
"611",382.447305846729,40019,1,1,2,6,4,3,5,1,4,991,991,991,91,91,991,91,0,3,3,3,0,0,0
"612",166.974150409534,40001,2,2,2,6,3,3,3,1,1,52,364,991,93,1,991,0,0,1,1,4,1,1,0
"613",592.516621569195,40043,2,2,2,6,2,4,3,2,2,991,991,991,91,91,991,91,0,99,99,3,0,0,0
"614",472.834668078978,40031,1,2,2,6,2,4,4,2,3,48,993,991,91,91,991,0,0,99,99,3,0,0,0
"615",1690.47989929974,40039,2,1,2,6,4,3,4,1,4,12,991,991,91,91,991,93,0,2,2,3,1,1,0
"616",492.11097790916,40015,1,2,2,6,4,4,2,1,1,60,312,1,93,7,4,1,0,3,4,1,1,0,0
"617",5410.51065396086,40020,2,2,2,6,2,1,1,1,2,24,991,991,93,30,993,1,0,99,99,4,0,1,0
"618",83.6653484057097,40050,1,1,2,6,2,2,5,2,2,991,991,991,91,91,991,91,0,3,2,3,0,1,0
"619",973.578402454698,40047,2,1,2,6,2,2,5,1,2,12,991,991,91,91,991,0,0,99,99,1,0,0,0
"620",284.575158523952,40032,2,2,2,6,1,2,3,2,3,991,991,991,91,91,991,91,0,2,1,3,0,1,0
"621",1555.42416301692,40034,2,2,2,6,2,4,3,2,2,991,991,991,91,91,991,91,0,1,1,4,1,1,0
"622",122.249340052765,40031,2,2,2,6,1,1,4,2,1,84,312,991,91,93,991,1,0,99,99,1,0,0,0
"623",1359.37272036762,40040,2,2,2,6,4,1,3,1,4,19,991,991,91,91,991,0,0,99,99,1,0,0,0
"624",902.055416362909,40023,2,1,2,6,1,2,3,1,4,3,991,991,93,93,991,93,0,3,5,3,0,0,0
"625",672.02817395964,40037,1,2,2,6,2,4,2,2,2,5,993,991,91,91,991,0,0,3,3,3,0,0,0
"626",262.193747945157,40036,1,1,2,6,2,1,3,2,3,52,52,991,91,30,993,0,0,99,99,2,0,0,0
"627",355.616471270678,40033,2,1,2,6,2,3,3,1,2,991,991,991,91,91,991,91,0,3,4,1,0,0,0
"628",1265.59516355275,40010,2,2,2,6,3,2,3,2,2,991,1,991,91,91,991,91,0,2,2,3,1,1,0
"629",159.742168487813,40037,1,2,2,6,4,1,4,1,2,991,991,991,91,91,991,91,0,99,99,3,0,0,0
"630",780.625539323051,40003,2,1,2,6,4,1,2,1,3,991,991,991,91,91,991,91,0,2,2,4,0,1,0
"631",1208.90953302187,40034,2,2,2,6,4,1,1,2,1,35,260,993,1,30,993,93,0,1,1,4,1,1,0
"632",146.902162411052,40033,1,2,2,6,1,4,1,2,1,3,52,991,93,30,991,93,0,2,1,2,0,1,0
"633",507.032387368179,40028,1,1,2,6,2,4,4,1,1,36,6,991,91,20,993,0,0,99,99,1,0,0,0
"634",624.545446164531,40047,2,1,2,6,4,1,2,1,2,991,991,991,91,91,991,91,0,99,99,2,1,0,0
"635",2410.85209295155,40049,2,2,2,6,2,1,4,1,4,24,4,991,93,10,991,0,0,99,99,3,0,0,0
"636",687.171125180858,40011,1,1,2,6,3,1,2,2,2,991,991,991,91,91,991,91,0,99,99,99,0,0,0
"637",957.125550697697,40003,2,1,2,6,2,4,3,1,4,991,991,991,91,91,991,91,0,99,99,2,0,0,0
"638",227.641701202477,40011,1,2,2,6,3,2,4,1,4,52,341,991,91,91,993,2,0,1,1,2,0,0,0
"639",509.537159820187,40032,2,2,2,6,2,3,3,2,2,991,991,991,91,91,991,91,0,4,5,2,0,0,0
"640",103.743805798194,40030,1,2,2,6,4,1,4,1,2,156,180,991,91,91,991,3,0,99,99,1,0,0,0
"641",568.053902081472,40018,2,2,2,6,1,4,4,2,1,24,364,991,30,5,24,1,0,3,3,3,0,0,0
"642",163.697285464994,40020,2,1,2,6,3,1,5,1,4,993,208,991,91,91,991,93,0,99,99,3,0,0,0
"643",905.6780600487,40009,1,2,2,6,4,1,5,1,1,12,6,991,93,93,991,1,0,2,2,2,1,1,0
"644",802.124756125097,40008,1,1,2,6,4,1,1,1,1,84,180,1,93,1,1,2,0,2,1,2,1,1,0
"645",30.8860379790434,40047,2,2,2,6,4,1,4,1,2,104,991,991,91,93,991,0,0,99,99,4,0,0,0
"646",847.360950366532,40030,2,2,2,6,2,4,3,2,1,104,993,991,30,7,991,3,0,2,2,2,0,1,0
"647",679.370010862708,40045,2,1,2,6,2,3,1,2,1,991,991,991,91,91,991,91,0,99,99,2,0,0,0
"648",4978.40275464004,40019,1,2,2,6,2,1,3,2,2,156,10,991,93,93,1,0,0,2,2,3,1,1,0
"649",202.664434315604,40004,2,1,2,6,3,1,2,2,1,991,991,991,91,1,991,91,0,1,2,3,0,0,0
"650",20.0418284428086,40037,1,2,2,6,3,3,3,1,1,991,991,991,91,91,991,91,0,3,2,2,0,0,0
"651",1003.72942521455,40020,2,2,2,6,2,4,2,2,1,991,991,991,91,91,991,91,0,1,1,4,0,1,0
"652",205.864401318289,40035,2,1,2,6,2,1,3,1,4,991,991,991,91,91,991,91,0,99,99,2,0,0,0
"653",187.016085743356,40037,2,2,2,6,4,2,2,1,4,36,993,991,91,91,991,0,0,5,1,3,0,0,0
"654",4971.89602872144,40050,2,1,2,6,2,3,4,1,2,12,993,991,93,93,991,93,0,4,5,1,0,0,0
"655",17.2147798392444,40006,2,1,2,6,3,1,1,2,2,208,104,991,20,30,1,8,0,1,1,4,0,0,0
"656",299.790617147771,40034,1,2,2,6,3,1,2,1,1,180,993,991,2,1,991,9,0,99,99,4,0,0,0
"657",212.091268998836,40005,1,2,2,6,2,1,1,2,1,30,100,993,91,91,993,93,0,99,99,2,0,0,0
"658",1842.01666178082,40044,1,2,2,6,3,3,2,1,2,6,991,991,91,91,991,1,0,99,99,1,0,0,0
"659",884.258702176418,40035,1,2,2,6,2,1,3,2,1,2,993,991,93,30,991,1,0,4,2,2,1,0,0
"660",2088.63769864989,40044,1,1,2,6,1,3,5,1,3,993,48,991,91,93,991,93,0,99,99,1,0,0,0
"661",661.883643190597,40039,2,2,2,6,1,2,4,2,1,993,364,991,30,5,993,93,0,99,99,3,0,1,0
"662",44.1723568419154,40041,1,1,2,6,2,2,6,2,2,991,991,991,91,91,991,91,0,99,99,3,0,0,0
"663",43.299533276667,40013,1,2,2,6,3,4,3,2,4,4,208,991,91,93,991,2,0,3,5,2,0,0,0
"664",109.201565466485,40042,2,2,2,6,3,1,5,2,2,364,364,991,30,93,993,15,0,3,3,3,0,0,0
"665",656.601662315185,40004,2,1,2,6,3,4,5,1,1,312,364,25,25,15,24,18,0,99,99,1,0,0,0
"666",88.2204647193098,40048,2,1,2,6,3,2,2,1,1,72,364,991,4,8,2,4,0,3,3,3,0,0,0
"667",1264.58601489268,40001,2,1,2,6,3,4,1,1,1,991,991,991,91,91,991,91,0,2,4,1,0,0,0
"668",1298.77310472277,40002,2,2,2,6,4,1,6,1,4,156,993,991,91,91,991,5,0,2,4,3,0,0,0
"669",4163.21700654595,40031,2,2,2,6,3,1,4,2,3,5,3,991,91,93,991,93,0,4,3,3,0,0,0
"670",192.723394007583,40039,1,2,2,6,4,1,3,1,4,72,2,991,1,91,991,3,0,99,99,99,0,0,0
"671",489.465517317936,40017,1,2,2,6,3,2,5,1,1,156,349,993,91,93,3,4,0,4,4,1,0,0,0
"672",1926.53001984862,40019,2,2,2,6,4,2,3,1,2,991,991,991,91,91,991,91,0,2,1,3,0,1,0
"673",1749.87192309259,40022,1,2,2,6,3,1,2,1,4,24,991,991,91,91,991,0,0,1,1,4,0,1,0
"674",909.750606660774,40005,2,2,2,6,1,4,4,2,2,991,991,991,91,91,991,91,0,99,99,99,0,0,0
"675",621.563656549441,40035,2,1,2,6,3,2,2,1,3,156,24,991,93,10,993,7,0,99,99,4,0,1,1
"676",773.38432685661,40023,1,2,2,6,2,2,4,1,4,991,991,991,91,91,991,91,0,1,1,2,1,0,0
"677",163.398044899837,40004,2,1,2,6,3,1,1,1,2,3,993,991,30,2,991,0,0,99,99,1,0,0,0
"678",1105.65516047821,40003,2,1,2,6,1,2,5,1,4,991,991,991,91,91,991,91,0,2,2,3,0,0,0
"679",27.5436903322046,40024,1,1,2,6,4,1,2,2,3,991,991,991,91,91,991,91,0,99,99,1,0,0,0
"680",800.972883885695,40039,1,2,2,6,3,1,4,2,2,12,312,991,5,30,991,1,0,99,99,1,0,0,0
"681",392.030859285972,40033,1,1,2,6,3,4,4,1,4,24,991,991,91,93,991,0,0,99,99,1,0,0,0
"682",181.440914528018,40042,1,2,2,6,3,1,2,2,4,4,991,991,91,91,991,93,0,1,1,2,0,1,0
"683",1099.14440642125,40009,2,1,2,6,2,2,5,2,1,993,993,991,91,91,991,93,0,99,99,99,0,1,0
"684",5825.16904260641,40004,2,2,2,6,3,1,2,1,2,993,991,991,91,93,991,93,0,99,99,1,0,0,0
"685",1441.17740297948,40042,2,2,2,6,3,2,2,2,3,6,991,991,91,91,991,0,0,99,99,2,0,0,0
"686",36.2407166625741,40040,1,2,2,6,2,1,3,2,4,48,364,991,91,91,2,2,0,1,1,3,0,1,0
"687",276.183601944502,40024,1,2,2,6,2,4,3,2,3,12,993,991,91,1,991,93,0,99,99,1,0,0,0
"688",26.3939309747922,40041,1,2,2,6,3,1,6,1,4,1,4,991,91,11,991,1,0,99,99,99,0,0,0
"689",1907.94504498065,40005,1,1,2,6,3,1,3,1,4,24,993,991,91,93,991,0,0,3,3,2,0,0,0
"690",212.318898186308,40030,1,1,2,6,2,1,3,2,1,991,991,991,91,91,991,91,0,2,2,4,0,0,0
"691",1029.31851548101,40023,1,1,2,6,2,1,4,2,4,21,360,991,93,93,991,93,0,99,99,2,0,0,0
"692",1512.39347163379,40030,2,2,2,6,3,1,3,1,4,991,991,991,91,93,991,91,0,2,2,2,0,0,0
"693",427.723100945869,40007,2,2,2,6,4,2,3,2,1,25,993,991,93,93,991,4,0,2,1,4,1,1,0
"694",297.896056973674,40002,1,2,2,6,2,4,4,2,2,60,993,991,93,10,991,2,0,99,99,99,0,0,0
"695",74.8126908601717,40018,2,2,2,6,3,4,4,1,4,104,993,991,91,91,991,4,0,3,3,3,0,0,0
"696",79.9883239268643,40023,2,1,2,6,1,4,3,2,2,991,991,991,91,91,991,91,0,99,99,1,0,0,0
"697",2463.87605779609,40023,2,2,2,6,4,1,2,2,2,60,991,991,91,91,991,1,0,1,2,1,0,1,0
"698",35.7460861339046,40050,1,1,2,6,3,1,2,1,3,24,1,991,91,93,991,2,0,2,2,2,0,0,0
"699",2096.72458628067,40044,2,1,2,6,3,2,4,1,4,10,993,991,91,91,991,0,0,2,2,4,0,0,0
"700",28.6432202989764,40032,1,1,2,6,2,1,4,1,4,8,10,991,91,1,991,93,0,3,3,1,0,0,0
"701",353.782621251018,40032,2,1,2,6,2,2,4,1,4,52,991,991,1,93,991,4,0,3,2,3,0,0,0
"702",123.095250285472,40032,1,1,2,6,3,1,2,1,4,10,993,991,93,93,991,0,0,5,5,1,0,0,0
"703",555.394017560962,40039,2,2,2,6,1,4,6,2,4,991,991,991,91,91,991,91,0,3,4,2,0,0,0
"704",241.725439689506,40022,2,2,2,6,4,1,2,2,2,4,991,991,91,91,991,0,0,99,99,1,0,0,0
"705",505.156949859003,40009,1,2,2,6,4,3,6,2,4,4,991,991,91,91,991,93,0,99,99,2,0,1,0
"706",834.530276015583,40042,1,1,2,6,2,4,3,2,1,2,312,991,93,91,991,93,0,2,1,4,1,1,0
"707",525.806368616808,40007,2,1,2,6,4,1,2,1,4,52,993,991,91,91,991,0,0,2,1,3,0,0,0
"708",709.204488651437,40021,1,2,2,6,3,1,3,2,2,52,156,991,93,30,991,1,0,99,99,99,0,0,0
"709",636.651423069133,40021,2,1,2,6,3,1,4,1,4,991,991,991,91,91,991,91,0,99,99,1,0,0,0
"710",687.13616457374,40011,1,2,2,6,4,1,3,2,3,7,5,991,93,93,991,0,0,2,3,3,0,1,0
"711",6895.868858589,40025,2,1,2,6,2,1,6,2,4,5,991,991,91,93,991,93,0,99,99,99,0,0,1
"712",1624.84903976962,40008,2,1,2,6,1,1,2,2,2,5,365,991,93,28,991,0,0,2,4,3,0,0,0
"713",2965.71377402124,40021,1,2,2,6,2,2,4,2,4,993,991,991,91,93,991,93,0,1,1,4,1,1,0
"714",5435.21593321858,40010,2,1,2,6,2,2,5,1,2,12,993,991,91,91,991,0,0,1,1,4,1,0,0
"715",591.926838412892,40042,1,1,2,6,3,1,5,2,2,1,991,991,93,93,993,93,0,3,3,2,0,0,0
"716",2403.95399937516,40022,1,2,2,6,1,1,4,1,2,2,1,991,91,91,991,93,0,1,1,3,0,0,0
"717",1064.16446889579,40043,1,1,2,6,1,2,4,1,3,991,993,991,91,91,991,91,0,99,99,1,0,0,0
"718",67.1523688825607,40009,1,1,2,6,4,1,1,1,2,1,991,991,93,93,991,0,0,2,2,3,1,1,0
"719",520.323248619118,40003,2,1,2,6,3,2,2,1,2,991,991,991,91,91,991,91,0,3,4,2,0,0,0
"720",171.721398658458,40017,2,2,2,6,4,1,3,1,4,364,4,991,93,30,991,1,0,2,3,3,1,0,0
"721",1113.93540522528,40034,2,2,2,6,2,2,4,1,4,6,156,991,93,20,991,0,0,99,99,2,0,0,0
"722",4192.88095196282,40012,1,2,2,6,1,1,5,2,2,312,993,993,30,5,993,8,0,2,1,4,0,0,0
"723",3605.74074495388,40042,1,1,2,6,3,2,3,1,4,48,104,991,93,30,991,4,0,99,99,1,0,0,0
"724",43.5132472164277,40033,1,2,2,6,4,1,2,1,4,52,104,991,91,93,991,0,0,99,99,2,0,0,0
"725",991.568528978085,40012,1,2,2,6,2,4,3,2,2,991,991,991,91,91,991,91,0,99,99,1,0,0,0
"726",4919.73506530666,40020,1,2,2,6,3,2,5,1,4,104,144,991,91,13,991,5,0,1,1,3,1,1,1
"727",342.341920634853,40037,1,2,2,6,2,3,5,2,2,991,991,991,91,91,991,91,0,2,2,2,0,0,0
"728",661.526613977799,40036,1,2,2,6,2,1,3,2,2,991,991,991,91,91,991,91,0,3,5,2,0,0,0
"729",1489.63753073828,40016,1,2,2,6,2,4,2,2,1,1,993,993,30,91,991,93,0,99,99,3,0,0,0
"730",234.758903019555,40016,2,1,2,6,3,1,3,1,4,993,993,991,91,30,993,93,0,99,99,1,0,0,0
"731",680.346880693823,40037,1,1,2,6,1,4,2,2,1,993,364,991,91,91,991,93,0,3,2,1,0,0,0
"732",726.759639526004,40024,1,2,2,6,2,4,3,2,1,991,993,991,93,91,991,91,0,99,99,99,0,0,0
"733",2425.76025464172,40035,1,2,2,6,1,4,6,2,4,15,6,991,93,93,991,0,0,1,2,4,0,1,0
"734",1741.21122484047,40034,2,1,2,6,1,3,3,2,1,993,993,993,13,11,993,93,0,4,4,1,0,0,0
"735",168.025904107141,40012,2,2,2,6,3,4,2,1,2,60,340,991,91,30,991,2,0,1,1,4,0,0,0
"736",1423.0967474332,40047,2,1,2,6,4,1,1,2,2,3,991,991,91,91,991,93,0,99,99,1,0,0,0
"737",1082.5634444174,40019,2,2,2,6,3,2,3,2,1,993,991,991,91,91,991,93,0,3,4,3,0,1,0
"738",9849.0182099568,40006,2,2,2,6,3,2,1,1,1,156,36,991,93,93,993,0,0,2,1,4,1,1,1
"739",882.426779977265,40018,2,2,2,6,1,4,3,2,1,3,991,991,30,93,991,93,0,4,5,2,0,0,0
"740",415.4371424654,40013,1,2,2,6,1,4,6,2,4,991,991,991,91,91,991,91,0,99,99,99,0,0,0
"741",662.071422477822,40001,1,1,2,6,3,1,5,1,4,991,991,991,91,93,991,91,0,99,99,3,0,0,0
"742",768.976962455126,40032,1,1,2,6,3,1,5,2,1,993,991,991,91,91,991,93,0,99,99,2,0,0,0
"743",3645.31205732992,40001,1,2,2,6,4,1,5,1,4,24,993,991,91,93,991,0,0,2,4,2,0,1,0
"744",26.5500360590454,40039,1,1,2,6,3,4,1,1,1,24,104,991,93,93,991,93,0,99,99,1,0,0,0
"745",447.518861131463,40003,2,1,2,6,2,1,3,1,4,991,991,991,91,91,991,91,0,3,4,2,1,0,0
"746",1339.82829184719,40019,1,1,2,6,3,1,3,1,2,3,364,991,93,30,993,93,0,99,99,1,0,0,0
"747",1313.18778848581,40026,2,1,2,6,2,2,2,2,2,12,991,991,91,91,991,93,0,99,99,1,0,0,0
"748",1251.158286587,40013,2,1,2,6,3,4,4,1,4,993,991,991,91,91,991,93,0,2,3,3,0,1,0
"749",1621.74951328939,40018,1,2,2,6,3,1,1,2,1,52,993,991,93,30,991,0,0,99,99,99,0,0,0
"750",260.443609711801,40013,2,2,2,6,3,4,5,2,4,991,991,991,91,91,991,91,0,2,5,1,0,0,0
"751",2024.7373638973,40022,2,2,2,6,2,2,3,2,1,125,1,991,93,13,991,2,0,2,4,3,0,0,0
"752",65.9086134760994,40034,2,2,2,6,2,2,2,2,1,36,991,991,91,93,991,0,0,99,99,1,0,0,0
"753",1420.98119576156,40011,1,1,2,6,1,1,4,2,4,24,260,1,30,1,4,0,0,4,1,2,0,0,0
"754",213.201640113804,40023,1,1,2,6,2,2,4,1,4,991,991,991,91,91,991,91,0,99,99,99,0,0,0
"755",44.9723535271801,40032,1,2,2,6,2,2,3,2,1,5,991,991,91,91,991,93,0,99,99,2,0,0,0
"756",165.633925871774,40021,1,2,2,6,4,1,1,2,1,991,991,991,91,91,991,91,0,1,1,1,1,1,0
"757",1647.01275362394,40050,1,1,2,6,2,4,4,2,2,991,991,991,91,91,991,91,0,2,4,2,1,1,0
"758",7436.46263011211,40020,2,1,2,6,2,2,4,2,2,991,991,991,91,91,991,91,0,3,4,2,0,0,0
"759",1896.46016543385,40045,1,2,2,6,1,1,3,2,3,60,350,991,91,93,991,2,0,2,3,4,1,0,0
"760",210.196333764489,40002,1,1,2,6,2,1,3,1,3,993,364,991,91,1,993,93,0,99,99,2,0,0,0
"761",9619.76460703914,40011,1,1,2,6,4,1,4,1,1,10,993,1,93,30,993,3,0,99,99,2,0,0,0
"762",473.555298375283,40033,1,1,2,6,3,4,4,2,4,12,991,991,91,93,991,0,0,99,99,3,0,0,0
"763",505.944220165149,40030,2,1,2,6,2,4,6,2,3,180,312,993,10,93,993,93,1,3,4,3,0,0,0
"764",208.487976674084,40023,1,1,2,6,2,4,3,1,1,991,991,991,91,91,991,91,0,1,1,1,0,0,0
"765",366.861936224999,40032,2,2,2,6,3,2,2,2,1,65,365,22,91,93,1,0,0,1,1,4,1,0,0
"766",1188.25780294341,40038,2,2,2,6,3,2,5,2,4,11,60,991,91,91,991,93,0,2,1,4,1,1,0
"767",127.248759995864,40030,2,2,2,6,2,2,5,2,2,342,993,991,30,30,991,2,0,1,1,1,1,0,0
"768",624.989874184508,40018,1,2,2,6,2,3,1,2,1,208,342,991,1,91,991,4,0,1,1,1,1,0,0
"769",487.574404901939,40001,1,1,2,6,3,2,5,1,1,104,156,991,91,91,3,2,0,1,3,4,0,1,0
"770",102.675910028599,40004,2,2,2,6,2,1,3,1,3,12,993,991,91,30,991,1,0,2,4,2,0,1,0
"771",1232.28365907495,40003,2,1,2,6,2,2,5,1,4,48,991,991,91,91,991,93,0,99,99,4,0,0,0
"772",110.353988717747,40001,2,2,2,6,3,2,3,2,1,4,104,991,91,93,993,0,0,1,3,2,0,0,0
"773",997.245669757226,40022,1,2,2,6,2,4,4,2,1,10,991,991,91,93,991,0,0,99,99,1,0,0,0
"774",1923.20163753342,40014,2,2,2,6,2,1,3,1,2,36,156,991,93,93,993,2,0,2,5,2,0,0,0
"775",737.17574873008,40043,2,1,2,6,2,1,3,2,2,52,991,991,93,30,991,1,0,99,99,2,0,0,0
"776",581.477689256983,40015,1,1,2,6,2,1,3,1,2,24,364,991,91,15,991,0,1,2,2,3,1,0,0
"777",2937.90586625217,40043,1,1,2,6,4,1,2,1,3,20,991,991,91,91,991,93,0,99,99,2,0,0,0
"778",2592.88961302149,40044,1,2,2,6,3,3,2,2,2,99,991,991,15,93,991,1,0,99,99,1,0,0,0
"779",146.899122390072,40013,1,2,2,6,2,4,6,1,4,991,991,991,91,91,991,91,0,99,99,3,0,0,0
"780",919.19827829274,40004,1,2,2,6,3,3,6,2,2,104,104,991,91,93,991,2,0,99,99,1,0,0,0
"781",2203.29944968605,40049,1,1,2,6,1,1,2,2,3,991,260,991,91,93,991,91,0,99,99,1,0,0,0
"782",814.048082893854,40022,1,2,2,6,3,2,4,1,4,10,991,991,91,91,991,0,0,3,2,4,0,0,0
"783",7521.84480022952,40011,1,1,2,6,1,3,3,2,1,35,991,991,91,91,991,0,0,1,1,4,0,1,0
"784",571.272006094308,40035,2,2,2,6,2,2,4,2,1,5,991,991,91,91,991,0,0,2,2,3,0,1,0
"785",82.8829207614716,40040,2,1,2,6,2,1,2,1,4,6,364,993,16,6,993,1,1,3,3,2,0,1,0
"786",595.043326264015,40032,2,2,2,6,4,4,5,2,3,991,991,991,91,91,991,91,0,99,99,1,0,0,0
"787",76.5491109667696,40002,1,1,2,6,2,1,2,2,2,991,991,991,91,91,991,91,0,99,99,1,0,0,0
"788",903.605273257839,40026,2,1,2,6,2,1,3,1,2,1,993,991,1,30,991,0,0,99,99,3,0,0,0
"789",605.088158046594,40013,2,2,2,6,2,1,6,2,4,991,991,991,91,91,991,91,0,99,99,1,0,0,0
"790",490.553334216184,40023,1,2,2,6,3,1,4,2,4,2,364,991,91,91,991,0,0,3,3,3,0,0,0
"791",687.152560889687,40037,2,2,2,6,3,4,4,2,2,6,312,993,30,30,48,93,0,1,1,3,1,0,0
"792",194.961408448268,40012,1,2,2,6,1,4,4,1,4,991,991,991,91,91,991,91,0,99,99,2,0,0,0
"793",191.762048249218,40013,2,2,2,6,1,4,1,2,1,48,156,991,5,93,991,3,0,4,5,1,0,0,0
"794",251.590052475911,40034,1,2,2,6,2,1,3,1,4,991,991,991,91,91,991,91,0,99,99,99,0,0,0
"795",3043.87783096709,40045,1,2,2,6,2,1,2,2,4,991,12,991,91,93,991,91,0,2,1,4,0,0,0
"796",210.907260044616,40028,1,2,2,6,3,2,2,2,2,991,991,991,91,91,991,91,0,99,99,3,0,0,0
"797",185.607960253838,40023,1,2,2,6,2,2,3,2,4,5,2,991,91,91,991,1,0,3,2,2,0,0,0
"798",262.599693034844,40021,2,2,2,6,4,1,2,1,2,48,993,991,93,93,991,2,0,3,2,2,0,0,0
"799",477.223154040594,40035,1,1,2,6,3,2,3,1,3,12,4,991,93,93,991,93,0,3,4,3,0,0,0
"800",206.252626352323,40010,1,2,2,6,1,4,2,2,3,5,364,991,93,30,1,1,0,2,1,4,1,1,0
"801",570.946790644838,40050,1,1,2,6,2,4,1,2,1,52,104,991,17,20,993,2,0,1,1,1,1,0,0
"802",204.899177390196,40035,1,1,2,6,2,4,1,2,1,991,991,991,91,91,991,91,0,99,99,1,0,0,0
"803",684.761883595909,40013,1,2,2,6,2,4,6,2,4,36,993,991,93,30,991,93,0,99,99,99,0,0,0
"804",32.5225399760929,40005,1,2,2,6,4,1,3,2,3,24,260,991,91,20,991,0,0,3,2,1,0,0,0
"805",716.667468300183,40035,1,1,2,6,2,4,3,2,2,991,48,991,91,17,991,91,0,99,99,1,0,0,0
"806",827.696060803244,40021,1,2,2,6,3,1,4,2,4,12,3,991,91,91,991,0,0,2,3,3,0,0,0
"807",846.273410720386,40006,1,1,2,6,3,2,3,1,4,7,48,991,91,91,991,93,0,99,99,3,1,1,0
"808",664.793738258013,40009,2,2,2,6,1,1,6,2,2,10,5,991,91,93,991,93,0,2,2,4,0,1,0
"809",1270.91051421566,40002,1,2,2,6,2,4,3,2,4,8,62,991,91,93,991,93,0,99,99,99,0,0,0
"810",45.2213554337069,40033,1,1,2,6,2,3,3,2,1,991,993,991,91,93,991,91,0,99,99,1,0,0,0
"811",1088.98051422147,40002,1,2,2,6,3,2,1,2,2,15,60,991,91,3,991,2,0,99,99,2,0,0,0
"812",450.47197008537,40024,1,1,2,6,2,2,3,1,2,991,991,991,91,91,991,91,0,4,1,1,1,1,0
"813",491.57015910536,40002,1,2,2,6,2,4,4,2,2,48,993,991,93,5,991,93,0,99,99,1,0,0,0
"814",1656.16579379703,40019,2,2,2,6,3,2,3,1,2,24,4,991,91,91,991,0,0,99,99,3,0,0,0
"815",2266.17107463023,40043,1,1,2,6,3,2,6,1,4,5,991,991,91,91,993,93,0,2,2,2,0,0,1
"816",511.688674018293,40016,2,2,2,6,4,1,1,1,2,156,3,991,93,93,991,10,0,99,99,2,1,0,0
"817",145.798187720584,40043,1,2,2,6,3,2,5,1,3,4,991,991,91,91,991,0,0,99,99,2,0,0,0
"818",337.205808524631,40013,2,1,2,6,2,2,3,1,4,991,991,991,91,91,991,91,0,3,5,1,0,0,0
"819",134.314804744343,40006,2,2,2,6,4,2,3,1,4,3,991,991,91,91,991,93,0,99,99,1,0,0,0
"820",137.634429411598,40017,1,2,2,6,3,4,3,1,4,24,24,991,93,91,991,0,0,99,99,2,0,0,0
"821",3871.60641891836,40003,2,2,2,6,2,4,2,2,2,342,3,991,93,5,991,4,0,1,2,2,0,0,0
"822",2399.49516020544,40005,2,1,2,6,1,4,3,2,2,991,991,991,91,91,991,91,0,99,99,2,0,1,0
"823",3015.09721945318,40034,1,2,2,6,3,1,2,2,1,993,36,991,91,93,991,93,0,2,2,1,1,1,0
"824",2233.82301817629,40029,1,1,2,6,3,3,2,2,2,52,365,991,5,2,993,0,0,2,2,2,1,0,0
"825",57.9660739450601,40010,1,2,2,6,3,1,5,1,4,12,350,991,91,91,991,0,0,99,99,2,0,0,0
"826",1813.28328295765,40041,2,1,2,6,2,1,5,1,4,7,52,991,91,30,991,93,0,99,99,99,0,0,0
